gps_time,comp_time,lat,lon,alt,quality,hdop
02:02:08.600000,1749693728.8511467,37.5987582,127.0447803,25.700,1,1.35
02:02:12.500000,1749693732.5457952,37.5987652,127.0447655,22.400,2,3.40
02:02:18.800000,1749693738.8441298,37.5987740,127.0447520,21.000,2,3.39
02:02:27.800000,1749693747.8458574,37.5987768,127.0447350,20.800,2,2.22
02:02:31.900000,1749693751.9483788,37.5987810,127.0447182,18.100,2,3.37
02:02:42.400000,1749693762.4478216,37.5987838,127.0447005,17.800,2,2.22
02:02:51.400000,1749693771.4482958,37.5987735,127.0447120,15.700,2,2.21
02:03:00.400000,1749693780.448146,37.5987693,127.0446957,23.300,2,2.21
02:03:03.800000,1749693783.8476992,37.5987720,127.0446788,26.200,2,2.21
02:03:09.100000,1749693789.1621237,37.5987662,127.0446630,30.200,2,2.23
02:03:11.300000,1749693791.3503628,37.5987525,127.0446605,30.800,2,2.23
02:03:13.700000,1749693793.750116,37.5987393,127.0446542,31.500,2,2.21
02:03:15.700000,1749693795.7494256,37.5987257,127.0446535,33.400,2,2.21
02:03:18,1749693798.0594509,37.5987123,127.0446505,34.500,2,2.21
02:03:19.700000,1749693799.7503564,37.5986990,127.0446537,34.900,2,2.21
02:03:20.700000,1749693800.7493982,37.5986887,127.0446418,37.700,2,1.24
02:03:21.500000,1749693801.5492423,37.5986795,127.0446287,40.200,2,2.21
02:03:23,1749693803.052863,37.5986662,127.0446253,41.100,2,2.21
02:03:24.200000,1749693804.2491004,37.5986538,127.0446167,43.100,2,1.24
02:03:25.500000,1749693805.5488896,37.5986418,127.0446063,45.600,2,1.24
02:03:26.900000,1749693806.9489684,37.5986290,127.0445992,47.700,2,1.24
02:03:28.400000,1749693808.4485757,37.5986165,127.0445927,49.200,2,1.24
02:03:30.100000,1749693810.151408,37.5986025,127.0445900,50.800,2,1.24
02:03:31.700000,1749693811.751511,37.5985888,127.0445855,52.300,2,1.24
02:03:33.300000,1749693813.3521118,37.5985755,127.0445825,53.500,2,1.24
02:03:35.200000,1749693815.251617,37.5985622,127.0445777,54.700,2,1.24
02:03:36.900000,1749693816.9494176,37.5985488,127.0445737,55.100,2,1.24
02:03:38.800000,1749693818.8492217,37.5985348,127.0445750,55.400,2,1.24
02:03:40.400000,1749693820.4482822,37.5985213,127.0445743,55.500,2,1.24
02:03:42,1749693822.0532465,37.5985078,127.0445758,55.500,2,1.24
02:03:43.700000,1749693823.7440333,37.5984938,127.0445765,55.300,2,1.24
02:03:45.300000,1749693825.348201,37.5984803,127.0445752,55.300,2,1.24
02:03:47,1749693827.0556216,37.5984675,127.0445677,55.200,2,1.24
02:03:49,1749693829.0562391,37.5984537,127.0445632,54.800,2,1.24
02:03:50.700000,1749693830.7486904,37.5984402,127.0445620,54.400,2,1.24
02:03:52.800000,1749693832.8475294,37.5984267,127.0445633,53.500,2,1.24
02:03:54.600000,1749693834.648047,37.5984137,127.0445582,52.300,2,1.24
02:03:56.500000,1749693836.5478628,37.5984008,127.0445525,51.000,2,1.24
02:03:57.800000,1749693837.8493776,37.5983872,127.0445498,50.500,2,1.24
02:03:59.900000,1749693839.945193,37.5983743,127.0445440,49.900,2,1.24
02:04:02,1749693842.0516682,37.5983610,127.0445410,49.900,2,1.24
02:04:03.800000,1749693843.8467505,37.5983478,127.0445358,49.600,2,1.24
02:04:05.900000,1749693845.9468336,37.5983345,127.0445327,49.600,2,1.24
02:04:07.200000,1749693847.2494211,37.5983205,127.0445290,49.400,2,1.24
02:04:08.800000,1749693848.84762,37.5983067,127.0445287,49.800,2,1.24
02:04:10.500000,1749693850.5479746,37.5982928,127.0445243,49.900,2,1.24
02:04:12.800000,1749693852.8468177,37.5982792,127.0445212,49.900,2,1.24
02:04:14.300000,1749693854.3462613,37.5982652,127.0445177,49.400,2,1.24
02:04:15.900000,1749693855.9473844,37.5982518,127.0445122,48.500,2,1.24
02:04:17.900000,1749693857.944173,37.5982387,127.0445073,48.300,2,1.24
02:04:19.500000,1749693859.5468836,37.5982252,127.0445067,48.800,2,1.24
02:04:21.300000,1749693861.345831,37.5982113,127.0445062,49.500,2,1.24
02:04:23.300000,1749693863.346826,37.5981983,127.0445005,49.700,2,1.25
02:04:25.300000,1749693865.3478487,37.5981847,127.0444993,50.000,2,1.25
02:04:27.900000,1749693867.9466567,37.5981705,127.0444998,49.700,2,1.25
02:04:29.700000,1749693869.745788,37.5981570,127.0444992,50.100,2,1.25
02:04:31.400000,1749693871.4441934,37.5981433,127.0444950,50.500,2,1.25
02:04:32.900000,1749693872.9466467,37.5981310,127.0444875,52.100,2,1.25
02:04:34.700000,1749693874.7461765,37.5981175,127.0444842,52.800,2,1.25
02:04:36.400000,1749693876.4575043,37.5981043,127.0444800,53.200,2,1.25
02:04:38.100000,1749693878.148237,37.5980908,127.0444773,54.300,2,1.25
02:04:40,1749693880.0533855,37.5980770,127.0444757,54.100,2,1.25
02:04:41.800000,1749693881.8468564,37.5980633,127.0444718,54.600,2,1.25
02:04:43.400000,1749693883.4474113,37.5980502,127.0444667,55.000,2,1.25
02:04:45.100000,1749693885.1487043,37.5980360,127.0444627,55.300,2,1.25
02:04:46.700000,1749693886.7446241,37.5980222,127.0444618,55.200,2,1.25
02:04:48.400000,1749693888.4495978,37.5980085,127.0444607,54.700,2,1.25
02:04:49.900000,1749693889.9466493,37.5979948,127.0444600,54.600,2,1.25
02:04:51.500000,1749693891.5457907,37.5979805,127.0444573,54.100,2,1.25
02:04:52.900000,1749693892.952903,37.5979672,127.0444533,53.200,2,1.25
02:04:54.300000,1749693894.3470123,37.5979535,127.0444493,52.700,2,1.25
02:04:55.800000,1749693895.8470776,37.5979398,127.0444472,52.900,2,1.25
02:04:57.400000,1749693897.4480171,37.5979258,127.0444427,52.600,2,1.25
02:04:58.800000,1749693898.8482082,37.5979118,127.0444395,52.900,2,1.25
02:05:00.500000,1749693900.5474894,37.5978983,127.0444365,53.400,2,1.25
02:05:01.900000,1749693901.9489186,37.5978845,127.0444328,53.400,2,1.25
02:05:03.800000,1749693903.843836,37.5978712,127.0444282,54.100,2,1.25
02:05:05.100000,1749693905.1455183,37.5978578,127.0444240,54.900,2,1.25
02:05:06.700000,1749693906.7456346,37.5978447,127.0444197,54.600,2,1.25
02:05:08.200000,1749693908.2474837,37.5978315,127.0444135,54.000,2,1.25
02:05:09.500000,1749693909.5453491,37.5978193,127.0444035,54.000,2,1.25
02:05:10.600000,1749693910.6453552,37.5978093,127.0443903,53.300,2,1.25
02:05:12.300000,1749693912.3450592,37.5978018,127.0443755,51.800,2,1.25
02:05:13.900000,1749693913.9457343,37.5977880,127.0443712,51.200,2,1.25
02:05:15.500000,1749693915.5426404,37.5977738,127.0443668,50.400,2,1.25
02:05:16.900000,1749693916.9466784,37.5977593,127.0443657,50.300,2,1.25
02:05:18.700000,1749693918.7456863,37.5977453,127.0443642,50.600,2,1.25
02:05:20.900000,1749693920.942193,37.5977323,127.0443560,49.800,2,1.25
02:05:22,1749693922.0493066,37.5977185,127.0443588,49.500,2,1.25
02:05:23.500000,1749693923.55198,37.5977052,127.0443543,49.400,2,1.36
02:05:25.200000,1749693925.2478683,37.5976928,127.0443468,48.400,2,1.36
02:05:28.400000,1749693928.4450295,37.5977035,127.0443360,48.100,2,1.36
02:05:30.600000,1749693930.6430902,37.5977128,127.0443235,47.000,2,1.36
02:05:32.100000,1749693932.14317,37.5977222,127.0443110,46.700,2,1.36
02:05:33.700000,1749693933.7442517,37.5977317,127.0442988,46.400,2,1.36
02:05:35.800000,1749693935.8458064,37.5977380,127.0442830,47.300,2,1.36
02:05:37.500000,1749693937.5446746,37.5977465,127.0442687,47.500,2,1.36
02:05:39.400000,1749693939.4453328,37.5977523,127.0442523,46.900,2,1.25
02:05:41,1749693941.0502546,37.5977560,127.0442350,47.000,2,1.25
02:05:42.200000,1749693942.244154,37.5977630,127.0442198,47.000,2,1.25
02:05:43.400000,1749693943.4433327,37.5977702,127.0442048,46.600,2,1.25
02:05:44.600000,1749693944.645008,37.5977762,127.0441892,46.600,2,1.25
02:05:45.900000,1749693945.9447868,37.5977808,127.0441728,45.500,2,1.25
02:05:47.400000,1749693947.4447932,37.5977853,127.0441563,45.100,2,1.25
02:05:48.700000,1749693948.7458506,37.5977885,127.0441395,44.800,2,1.25
02:05:50.400000,1749693950.4453125,37.5977965,127.0441248,44.300,2,1.25
02:05:51.900000,1749693951.943605,37.5977990,127.0441067,44.100,2,1.25
02:05:53.100000,1749693953.143954,37.5978008,127.0440890,44.300,2,1.25
02:05:54.200000,1749693954.2431145,37.5978023,127.0440715,44.700,2,1.25
02:05:55.500000,1749693955.542677,37.5978048,127.0440540,45.100,2,1.25
02:05:57.200000,1749693957.2437992,37.5978068,127.0440362,45.000,2,1.25
02:05:58.800000,1749693958.8444424,37.5978047,127.0440192,44.600,2,1.25
02:06:00.100000,1749693960.1458983,37.5978120,127.0440040,45.400,2,1.25
02:06:01.600000,1749693961.6452377,37.5978177,127.0439870,45.600,2,1.25
02:06:02.900000,1749693962.9431221,37.5978250,127.0439705,45.600,2,1.25
02:06:04.600000,1749693964.6456306,37.5978302,127.0439547,45.900,2,1.25
02:06:06,1749693966.048362,37.5978405,127.0439432,46.600,2,1.25
02:06:08.700000,1749693968.743306,37.5978525,127.0439350,46.100,2,1.25
02:06:10.400000,1749693970.444174,37.5978653,127.0439278,46.900,2,1.25
02:06:12.100000,1749693972.1443453,37.5978748,127.0439148,46.100,2,1.25
02:06:13.900000,1749693973.9431372,37.5978862,127.0439052,45.400,2,1.25
02:06:15.700000,1749693975.743391,37.5978977,127.0438957,44.800,2,1.40
02:06:18.300000,1749693978.3424058,37.5979098,127.0438857,44.400,2,1.40
02:06:19.900000,1749693979.9423885,37.5979205,127.0438737,44.200,2,1.40
02:06:22.300000,1749693982.3427198,37.5979337,127.0438680,43.100,2,1.40
02:06:23.300000,1749693983.3443694,37.5979425,127.0438543,43.100,2,1.40
02:06:25.100000,1749693985.1425743,37.5979528,127.0438433,42.900,2,1.40
02:06:27,1749693987.0458767,37.5979567,127.0438267,42.200,2,1.58
02:06:28.900000,1749693988.9429183,37.5979653,127.0438125,40.600,2,1.58
02:06:32,1749693992.0458856,37.5979787,127.0438067,42.400,2,1.40
02:06:33.200000,1749693993.2454321,37.5979892,127.0437952,42.500,2,1.40
02:06:34.800000,1749693994.8433256,37.5980020,127.0437873,43.000,2,1.58
02:06:36.200000,1749693996.243243,37.5980098,127.0437732,42.700,2,1.58
02:06:38.200000,1749693998.243483,37.5980180,127.0437587,42.800,2,1.58
02:06:39.200000,1749693999.2421682,37.5980248,127.0437418,42.200,2,1.58
02:06:40.700000,1749694000.7433088,37.5980332,127.0437283,42.400,2,1.58
02:06:41.800000,1749694001.8436446,37.5980432,127.0437168,41.300,2,1.58
02:06:43.600000,1749694003.643625,37.5980543,127.0437068,41.200,2,1.48
02:06:45.200000,1749694005.2432892,37.5980643,127.0436943,40.500,2,1.48
02:06:47.500000,1749694007.5434365,37.5980743,127.0436813,40.800,2,1.48
02:06:49.600000,1749694009.6477354,37.5980852,127.0436708,42.000,2,1.48
02:06:51.800000,1749694011.843394,37.5980965,127.0436597,43.700,2,1.72
02:06:54.400000,1749694014.4426324,37.5980910,127.0436432,46.000,2,1.48
02:06:56.800000,1749694016.8435395,37.5980782,127.0436378,46.400,2,1.25
02:07:00.900000,1749694020.943805,37.5980793,127.0436203,47.400,2,1.48
02:07:03.400000,1749694023.4462328,37.5980745,127.0436042,47.900,2,1.48
02:07:05.700000,1749694025.7437024,37.5980777,127.0435875,47.200,2,1.48
02:07:07.300000,1749694027.3432488,37.5980828,127.0435708,47.100,2,1.72
02:07:08.300000,1749694028.3430715,37.5980895,127.0435558,46.300,2,1.72
02:07:10.200000,1749694030.242774,37.5980938,127.0435382,47.900,2,1.48
02:07:12.300000,1749694032.344139,37.5980830,127.0435277,50.500,2,1.48
02:07:14.700000,1749694034.7435436,37.5980700,127.0435343,52.600,2,1.58
02:07:19.800000,1749694039.84143,37.5980835,127.0435382,60.600,2,1.58
02:07:21.300000,1749694041.342047,37.5980970,127.0435345,62.400,2,1.58
02:07:23.600000,1749694043.6396759,37.5981082,127.0435240,61.800,2,2.06
02:07:27.100000,1749694047.1436162,37.5980982,127.0435120,65.200,2,2.06
02:07:29,1749694049.0439548,37.5981117,127.0435088,67.200,2,2.06
02:07:30.500000,1749694050.5407982,37.5981217,127.0434968,66.900,2,2.06
02:07:31.400000,1749694051.4401233,37.5981283,127.0434818,67.200,2,1.40
02:07:33.200000,1749694053.2415745,37.5981302,127.0434648,70.800,2,1.40
02:07:35,1749694055.0431077,37.5981403,127.0434527,74.400,2,1.40
02:07:37.100000,1749694057.1430576,37.5981485,127.0434383,73.000,2,1.58
02:07:38.600000,1749694058.6413314,37.5981478,127.0434207,72.500,2,1.58
02:07:40.700000,1749694060.740856,37.5981545,127.0434045,70.600,2,1.25
02:07:42,1749694062.044468,37.5981548,127.0433870,69.500,2,1.36
02:07:43.200000,1749694063.2446058,37.5981552,127.0433685,68.500,2,1.46
02:07:44.700000,1749694064.743142,37.5981575,127.0433515,67.000,2,2.03
02:07:45.700000,1749694065.7428524,37.5981513,127.0433348,64.800,2,2.03
02:07:46.900000,1749694066.9452584,37.5981490,127.0433180,62.700,2,2.03
02:07:48.500000,1749694068.5419297,37.5981475,127.0432992,60.800,2,1.25
02:07:49.500000,1749694069.5433815,37.5981377,127.0432855,58.400,2,1.37
02:07:50.900000,1749694070.9421813,37.5981315,127.0432697,56.900,2,1.37
02:07:53.500000,1749694073.5428135,37.5981227,127.0432560,54.100,2,1.37
02:07:55.900000,1749694075.940648,37.5981182,127.0432397,51.400,2,1.37
02:07:57.800000,1749694077.841009,37.5981120,127.0432245,48.900,2,1.37
02:07:58.900000,1749694078.9428332,37.5981197,127.0432087,48.000,2,1.37
02:07:59.800000,1749694079.843204,37.5981248,127.0431905,47.300,2,1.78
02:08:00.800000,1749694080.8425853,37.5981292,127.0431732,46.000,2,2.58
02:08:01.300000,1749694081.3432882,37.5981368,127.0431563,44.900,2,2.58
02:08:02.100000,1749694082.143782,37.5981467,127.0431443,44.400,2,2.58
02:08:03.400000,1749694083.444743,37.5981605,127.0431415,44.100,2,2.58
02:08:04.500000,1749694084.5427666,37.5981755,127.0431365,43.900,2,1.78
02:08:06.200000,1749694086.2414794,37.5981813,127.0431523,43.400,2,6.36
02:08:08,1749694088.0438783,37.5981958,127.0431548,42.400,2,6.35
02:08:09.800000,1749694089.8381839,37.5982055,127.0431668,41.500,2,6.35
02:08:11.400000,1749694091.442736,37.5982193,127.0431640,41.000,2,6.35
02:08:13.800000,1749694093.8417807,37.5982335,127.0431622,42.400,2,6.34
02:08:15.400000,1749694095.4430537,37.5982473,127.0431618,42.400,2,6.34
02:08:16.900000,1749694096.9432132,37.5982608,127.0431638,42.300,2,6.33
02:08:18.500000,1749694098.543344,37.5982752,127.0431623,42.400,2,6.33
02:08:20.100000,1749694100.1430008,37.5982900,127.0431618,42.600,2,6.33
02:08:21.700000,1749694101.7452023,37.5983025,127.0431705,42.800,2,10.88
02:08:23.500000,1749694103.5406442,37.5983177,127.0431700,42.300,2,10.91
02:08:23.900000,1749694103.941272,37.5983283,127.0431593,41.700,2,10.92
02:08:25.100000,1749694105.1426244,37.5983628,127.0431183,39.800,2,1.70
02:08:25.400000,1749694105.4383392,37.5983892,127.0430700,37.700,2,1.70
02:08:25.500000,1749694105.5429456,37.5984142,127.0430215,35.800,2,1.70
02:08:25.600000,1749694105.6431532,37.5984390,127.0429735,34.100,2,1.70
02:08:25.900000,1749694105.9416842,37.5984675,127.0429237,32.100,2,1.70
02:08:26,1749694106.0440621,37.5984930,127.0428770,30.300,2,1.70
02:08:26.100000,1749694106.142756,37.5985168,127.0428342,28.700,2,1.70
02:08:26.200000,1749694106.2439787,37.5985405,127.0427907,27.200,2,1.70
02:08:26.300000,1749694106.3439867,37.5985637,127.0427487,25.600,2,1.70
02:08:26.400000,1749694106.4427705,37.5985865,127.0427067,24.100,2,1.70
02:08:26.500000,1749694106.541968,37.5986087,127.0426653,22.600,2,1.70
02:08:26.600000,1749694106.6400251,37.5986310,127.0426242,21.100,2,1.70
02:08:26.700000,1749694106.741395,37.5986545,127.0425803,19.600,2,1.70
02:08:26.800000,1749694106.8428824,37.5986773,127.0425385,18.200,2,1.70
02:08:26.900000,1749694106.9422317,37.5987010,127.0424952,16.700,2,1.70
02:08:28.200000,1749694108.2383096,37.5987018,127.0425153,16.600,1,3.46
02:08:29,1749694109.0417118,37.5986972,127.0425340,18.000,1,3.46
02:08:30.300000,1749694110.3406615,37.5986952,127.0425522,19.600,1,3.46
02:08:31,1749694111.0439174,37.5986912,127.0425712,20.500,1,3.46
02:08:31.700000,1749694111.749189,37.5986887,127.0425888,21.400,1,3.46
02:08:32.500000,1749694112.5410812,37.5986872,127.0426060,22.300,1,3.46
02:08:33.500000,1749694113.5367346,37.5986887,127.0426232,23.400,1,3.46
02:08:34,1749694114.0447736,37.5986817,127.0426430,24.400,1,3.46
02:08:34.600000,1749694114.6404366,37.5986773,127.0426595,25.000,1,3.46
02:08:35.100000,1749694115.1402957,37.5986725,127.0426755,25.700,1,3.46
02:08:35.900000,1749694115.9421172,37.5986707,127.0426928,26.600,1,3.46
02:08:37.200000,1749694117.2406826,37.5986838,127.0426977,26.900,2,11.15
02:08:38.800000,1749694118.842945,37.5986950,127.0427075,27.700,2,11.18
02:08:39.400000,1749694119.4433956,37.5986858,127.0427328,29.000,2,1.99
02:08:39.800000,1749694119.8376782,37.5986757,127.0427555,30.100,2,1.99
02:08:40.200000,1749694120.2424808,37.5986653,127.0427805,31.100,2,1.99
02:08:40.600000,1749694120.6415553,37.5986565,127.0428032,32.200,2,1.99
02:08:41,1749694121.0452163,37.5986498,127.0428230,32.800,2,1.99
02:08:41.200000,1749694121.2423093,37.5986437,127.0428385,33.500,2,1.99
02:08:41.500000,1749694121.5412743,37.5986365,127.0428587,34.000,2,1.99
02:08:41.800000,1749694121.8383977,37.5986302,127.0428777,34.500,2,1.99
02:08:42.100000,1749694122.1414638,37.5986217,127.0428982,35.400,2,1.99
02:08:42.300000,1749694122.3375957,37.5986155,127.0429143,36.100,2,1.99
02:08:42.600000,1749694122.6379342,37.5986082,127.0429342,36.700,2,1.99
02:08:42.800000,1749694122.8381526,37.5986022,127.0429495,37.300,2,1.99
02:08:43.100000,1749694123.1412613,37.5985937,127.0429702,38.200,2,1.99
02:08:43.400000,1749694123.437026,37.5985830,127.0429925,39.100,2,1.87
02:08:43.600000,1749694123.64202,37.5985742,127.0430115,39.900,2,1.87
02:08:43.800000,1749694123.8407154,37.5985670,127.0430265,40.600,2,1.87
02:08:44,1749694124.045298,37.5985595,127.0430427,41.200,2,1.87
02:08:44.200000,1749694124.2418008,37.5985525,127.0430583,41.900,2,1.87
02:08:44.400000,1749694124.4404185,37.5985450,127.0430753,42.400,2,1.87
02:08:44.600000,1749694124.638219,37.5985385,127.0430908,43.100,2,1.87
02:08:44.900000,1749694124.9379387,37.5985285,127.0431137,43.800,2,1.87
02:08:45.200000,1749694125.2370868,37.5985200,127.0431328,44.300,2,1.87
02:08:45.500000,1749694125.537668,37.5985117,127.0431512,45.300,2,1.87
02:08:45.800000,1749694125.8400197,37.5985043,127.0431685,46.000,2,1.87
02:08:46.100000,1749694126.135682,37.5984967,127.0431877,46.600,2,1.87
02:08:46.400000,1749694126.4415846,37.5984907,127.0432045,47.100,2,1.87
02:08:46.800000,1749694126.8383799,37.5984830,127.0432242,48.000,2,1.87
02:08:47.100000,1749694127.1413012,37.5984772,127.0432398,48.300,2,1.87
02:08:47.400000,1749694127.4407654,37.5984712,127.0432567,49.000,2,1.87
02:08:47.900000,1749694127.9365795,37.5984658,127.0432755,49.600,2,1.87
02:08:48.400000,1749694128.4423132,37.5984587,127.0432940,50.500,2,1.87
02:08:48.900000,1749694128.942193,37.5984523,127.0433122,51.600,2,1.87
02:08:49.400000,1749694129.4440646,37.5984482,127.0433287,52.600,2,1.87
02:08:50.200000,1749694130.2384436,37.5984448,127.0433457,53.500,2,1.87
02:08:51.100000,1749694131.143894,37.5984403,127.0433627,55.000,2,1.87
02:08:52.200000,1749694132.2408903,37.5984398,127.0433798,55.800,2,1.87
02:08:54.100000,1749694134.1420782,37.5984467,127.0433952,56.500,2,1.87
02:08:56.100000,1749694136.1421046,37.5984563,127.0434088,57.300,2,1.87
02:08:57.700000,1749694137.7417295,37.5984628,127.0434238,58.000,2,1.87
02:08:59.500000,1749694139.5425255,37.5984742,127.0434342,58.900,2,1.87
02:09:01.600000,1749694141.641843,37.5984880,127.0434385,59.600,2,1.87
02:09:03.300000,1749694143.3419762,37.5985018,127.0434430,60.000,2,1.88
02:09:04.700000,1749694144.7481165,37.5985163,127.0434445,60.300,2,1.88
02:09:06.100000,1749694146.1395993,37.5985302,127.0434460,60.300,2,1.88
02:09:07.800000,1749694147.8474286,37.5985435,127.0434505,59.900,2,1.88
02:09:09.600000,1749694149.6418123,37.5985567,127.0434558,60.100,2,1.88
02:09:10.800000,1749694150.8408973,37.5985707,127.0434588,59.800,2,1.80
02:09:11.900000,1749694151.9414642,37.5985840,127.0434623,59.700,2,1.80
02:09:13.200000,1749694153.2427015,37.5985960,127.0434720,59.300,2,1.80
02:09:14.500000,1749694154.5433223,37.5986083,127.0434792,59.000,2,1.80
02:09:15.900000,1749694155.9417293,37.5986215,127.0434845,58.800,2,1.80
02:09:17.400000,1749694157.4536645,37.5986342,127.0434903,58.900,2,1.80
02:09:18.500000,1749694158.5375228,37.5986485,127.0434923,58.100,2,1.80
02:09:20,1749694160.0462253,37.5986622,127.0434968,57.900,2,1.80
02:09:21.300000,1749694161.3425333,37.5986753,127.0435023,57.400,2,1.80
02:09:22.700000,1749694162.7386103,37.5986890,127.0435060,57.000,2,1.80
02:09:24.200000,1749694164.2420642,37.5987022,127.0435135,56.600,2,1.80
02:09:25.600000,1749694165.641839,37.5987147,127.0435210,56.600,2,1.81
02:09:26.900000,1749694166.9445589,37.5987283,127.0435220,56.400,2,1.81
02:09:28.100000,1749694168.1442199,37.5987418,127.0435242,56.200,2,1.81
02:09:29.400000,1749694169.4430037,37.5987555,127.0435282,56.200,2,1.81
02:09:30.700000,1749694170.7435203,37.5987692,127.0435308,55.900,2,1.81
02:09:32,1749694172.0441957,37.5987837,127.0435330,55.200,2,1.81
02:09:33.400000,1749694173.4434106,37.5987980,127.0435318,55.700,2,1.81
02:09:34.600000,1749694174.6444294,37.5988123,127.0435307,55.300,2,1.42
02:09:35.600000,1749694175.6428595,37.5988260,127.0435282,54.700,2,1.42
02:09:36.800000,1749694176.8431056,37.5988403,127.0435272,54.100,2,1.42
02:09:37.800000,1749694177.8423584,37.5988538,127.0435268,53.200,2,1.42
02:09:38.900000,1749694178.942843,37.5988683,127.0435242,53.000,2,1.42
02:09:40.100000,1749694180.1407857,37.5988825,127.0435262,52.100,2,1.42
02:09:41.300000,1749694181.3426147,37.5988968,127.0435252,51.700,2,1.42
02:09:42.500000,1749694182.544186,37.5989108,127.0435248,51.100,2,1.42
02:09:43.800000,1749694183.841819,37.5989243,127.0435277,50.700,2,1.42
02:09:45.100000,1749694185.1426222,37.5989382,127.0435303,50.000,2,1.42
02:09:46.500000,1749694186.5419724,37.5989522,127.0435330,49.700,2,1.42
02:09:47.700000,1749694187.7430372,37.5989657,127.0435342,49.300,2,1.42
02:09:48.900000,1749694188.9424956,37.5989788,127.0435388,48.800,2,1.42
02:09:50.300000,1749694190.3440368,37.5989923,127.0435408,48.800,2,1.26
02:09:51.800000,1749694191.8411024,37.5990063,127.0435453,49.000,2,1.26
02:09:53.100000,1749694193.1429498,37.5990197,127.0435493,48.900,2,1.26
02:09:54.900000,1749694194.9437058,37.5990332,127.0435533,49.100,2,1.26
02:09:59.600000,1749694199.6415315,37.5990422,127.0435665,48.400,2,1.26
02:10:05.600000,1749694205.6429908,37.5990418,127.0435842,46.600,2,1.26
02:10:09.900000,1749694209.9387093,37.5990437,127.0436012,46.800,2,1.26
02:10:14.700000,1749694214.7427697,37.5990397,127.0436180,46.700,2,1.26
02:10:17.100000,1749694217.1396272,37.5990390,127.0436357,46.200,2,1.26
02:10:20.100000,1749694220.1431468,37.5990387,127.0436538,47.900,2,1.26
02:10:22.100000,1749694222.1422157,37.5990362,127.0436710,47.600,2,1.26
02:10:25.300000,1749694225.343916,37.5990363,127.0436882,49.300,2,1.26
02:10:27.800000,1749694227.838256,37.5990387,127.0437055,50.400,2,1.26
02:10:30.100000,1749694230.1437643,37.5990363,127.0437228,51.000,2,1.36
02:10:32.200000,1749694232.2421293,37.5990318,127.0437397,50.700,2,1.36
02:10:33.800000,1749694233.8434644,37.5990287,127.0437563,50.400,2,1.36
02:10:35.600000,1749694235.6436102,37.5990255,127.0437742,50.600,2,1.36
02:10:37.400000,1749694237.4450758,37.5990210,127.0437915,50.600,2,1.36
02:10:39.300000,1749694239.346802,37.5990128,127.0438062,51.000,2,1.36
02:10:40.900000,1749694240.9425461,37.5990128,127.0438233,50.800,2,1.36
02:10:42.800000,1749694242.8427424,37.5990088,127.0438407,50.800,2,1.36
02:10:44.700000,1749694244.7421916,37.5990072,127.0438578,50.200,2,1.36
02:10:46.600000,1749694246.6438787,37.5990045,127.0438748,49.600,2,1.36
02:10:48.600000,1749694248.6431081,37.5990005,127.0438918,49.200,2,1.36
02:10:50.300000,1749694250.3374128,37.5989987,127.0439088,49.500,2,1.36
02:10:52.100000,1749694252.1377351,37.5989948,127.0439257,49.500,2,1.36
02:10:54.200000,1749694254.2422986,37.5989927,127.0439430,49.400,2,1.36
02:10:56.100000,1749694256.1397858,37.5989890,127.0439602,49.100,2,1.36
02:10:58.400000,1749694258.4415762,37.5989850,127.0439767,49.100,2,1.36
02:11:00.200000,1749694260.2374105,37.5989822,127.0439938,49.100,2,1.36
02:11:01.900000,1749694261.9430163,37.5989808,127.0440112,48.700,2,1.36
02:11:03.600000,1749694263.645748,37.5989775,127.0440283,48.600,2,1.36
02:11:05.300000,1749694265.3434472,37.5989743,127.0440457,48.200,2,1.36
02:11:07,1749694267.052901,37.5989705,127.0440623,48.500,2,1.36
02:11:08.700000,1749694268.7442243,37.5989648,127.0440787,48.700,2,1.36
02:11:10.300000,1749694270.342739,37.5989632,127.0440957,48.700,2,1.36
02:11:12,1749694272.0453112,37.5989598,127.0441122,48.700,2,1.36
02:11:13.900000,1749694273.9425015,37.5989570,127.0441300,48.900,2,1.36
02:11:15.700000,1749694275.7423294,37.5989510,127.0441455,49.200,2,1.36
02:11:17.600000,1749694277.6424708,37.5989463,127.0441615,49.400,2,1.26
02:11:19.800000,1749694279.8416893,37.5989432,127.0441793,49.600,2,1.26
02:11:21.600000,1749694281.6452377,37.5989387,127.0441960,49.600,2,1.26
02:11:23.200000,1749694283.2429779,37.5989332,127.0442118,49.900,2,1.26
02:11:24.400000,1749694284.4434528,37.5989278,127.0442277,50.100,2,1.26
02:11:26,1749694286.0448213,37.5989228,127.0442437,50.500,2,1.26
02:11:27.500000,1749694287.544229,37.5989167,127.0442590,51.000,2,1.26
02:11:29,1749694289.0433388,37.5989113,127.0442763,51.500,2,1.26
02:11:30.600000,1749694290.6426601,37.5989062,127.0442927,51.800,2,1.26
02:11:32,1749694292.048043,37.5989013,127.0443090,51.900,2,1.26
02:11:33.900000,1749694293.9423327,37.5989002,127.0443267,52.300,2,1.26
02:11:35,1749694295.0458024,37.5988960,127.0443432,52.300,2,1.26
02:11:36.700000,1749694296.7421193,37.5988893,127.0443595,52.200,2,1.26
02:11:39.900000,1749694299.9390035,37.5988947,127.0443752,51.700,2,1.47
02:11:42.300000,1749694302.34685,37.5988923,127.0443932,52.000,2,1.47
02:11:44.800000,1749694304.8540952,37.5988883,127.0444095,50.600,2,1.26
02:11:46.100000,1749694306.137356,37.5988825,127.0444253,50.100,2,1.26
02:11:47.500000,1749694307.5420716,37.5988768,127.0444410,49.700,2,1.26
02:11:49.100000,1749694309.1434808,37.5988722,127.0444575,49.400,2,1.26
02:11:50.600000,1749694310.6374724,37.5988682,127.0444738,49.100,2,1.26
02:11:52.100000,1749694312.1480134,37.5988638,127.0444902,48.600,2,1.26
02:11:53.900000,1749694313.9423425,37.5988618,127.0445072,48.200,2,1.26
02:11:55.600000,1749694315.6441076,37.5988572,127.0445235,47.800,2,1.26
02:11:57,1749694317.0444026,37.5988527,127.0445403,47.600,2,1.26
02:11:58.700000,1749694318.7362967,37.5988522,127.0445582,47.500,2,1.26
02:12:00.200000,1749694320.2390304,37.5988472,127.0445753,47.400,2,1.26
02:12:01.800000,1749694321.8378916,37.5988418,127.0445915,46.600,2,1.26
02:12:03.300000,1749694323.3385663,37.5988390,127.0446083,46.200,2,1.26
02:12:04.700000,1749694324.739584,37.5988332,127.0446237,46.200,2,1.26
02:12:06.100000,1749694326.1395407,37.5988260,127.0446383,46.500,2,1.26
02:12:07.800000,1749694327.8461587,37.5988173,127.0446520,46.100,2,1.26
02:12:10.100000,1749694330.1380997,37.5988095,127.0446660,45.900,2,1.26
02:12:12.400000,1749694332.4377844,37.5988010,127.0446802,45.500,2,1.26
02:12:13.700000,1749694333.7386456,37.5987887,127.0446880,45.700,2,1.26
02:12:15.600000,1749694335.6359572,37.5987757,127.0446948,45.100,2,1.26
02:12:18.300000,1749694338.3384135,37.5987740,127.0447123,45.200,2,1.26
02:12:20.200000,1749694340.2394662,37.5987735,127.0447300,45.700,2,1.26
02:12:23.200000,1749694343.2436357,37.5987735,127.0447473,47.200,2,1.26
02:12:24.600000,1749694344.6384761,37.5987732,127.0447648,47.700,2,1.26
02:12:25.900000,1749694345.9397352,37.5987695,127.0447825,48.800,2,1.26
02:12:29.300000,1749694349.3387146,37.5987585,127.0447925,50.300,2,1.26
02:12:45.700000,1749694365.7356484,37.5987463,127.0447835,56.800,2,2.09
02:12:54.700000,1749694374.7343132,37.5987490,127.0447735,61.700,2,3.06
