time,lat,lon,hdop,quality
1751108329.7289717,37.5991683,127.0437698,0.98,5
1751108331.7874985,37.5991738,127.0437475,0.95,5
1751108332.58654,37.5991792,127.0437255,0.98,5
1751108333.3099482,37.5991855,127.0437007,0.98,5
1751108333.889409,37.5991918,127.0436770,0.98,5
1751108334.5099967,37.5991985,127.0436518,0.9,5
1751108335.1142917,37.5992055,127.0436272,0.9,5
1751108335.6891735,37.5992133,127.0436028,0.9,5
1751108336.312809,37.5992223,127.0435792,0.9,5
1751108336.8914714,37.5992327,127.0435557,0.9,5
1751108337.5104046,37.5992450,127.0435347,0.9,5
1751108338.113182,37.5992587,127.0435158,0.9,5
1751108338.7908576,37.5992768,127.0434968,0.9,5
1751108339.4093502,37.5992940,127.0434832,0.9,5
1751108339.986785,37.5993117,127.0434722,0.95,5
1751108340.5887222,37.5993292,127.0434632,0.9,5
1751108341.291131,37.5993500,127.0434545,1.21,5
1751108341.8858647,37.5993683,127.0434478,0.95,5
1751108342.5889316,37.5993885,127.0434422,0.95,5
1751108343.2895844,37.5994093,127.0434377,0.95,5
1751108343.9893951,37.5994307,127.0434340,0.95,5
1751108344.5827587,37.5994510,127.0434307,0.95,5
1751108345.2956047,37.5994760,127.0434267,0.95,5
1751108345.786016,37.5994950,127.0434238,0.95,5
1751108346.2977865,37.5995148,127.0434210,0.95,5
1751108346.7874596,37.5995355,127.0434185,1.09,5
1751108347.2852688,37.5995570,127.0434158,1.07,5
1751108347.7897475,37.5995787,127.0434128,1.09,5
1751108348.3027925,37.5996003,127.0434103,0.95,5
1751108348.786685,37.5996222,127.0434077,0.95,5
1751108349.2867234,37.5996443,127.0434053,1.16,5
1751108349.7881594,37.5996665,127.0434032,1.3,5
1751108350.313194,37.5996885,127.0434007,1.35,5
1751108350.7851446,37.5997103,127.0433982,1.32,5
1751108351.293343,37.5997315,127.0433958,1.68,5
1751108351.7805505,37.5997522,127.0433938,1.45,5
1751108352.2922044,37.5997722,127.0433923,1.64,5
1751108352.7914078,37.5997917,127.0433910,1.01,5
1751108353.294564,37.5998100,127.0433890,0.95,5
1751108353.8884108,37.5998308,127.0433875,0.95,5
1751108354.4814835,37.5998495,127.0433863,0.99,5
1751108355.29003,37.5998723,127.0433850,0.9,5
1751108355.8913531,37.5998918,127.0433852,1.01,5
1751108356.5896688,37.5999165,127.0433847,0.93,5
1751108357.1132162,37.5999368,127.0433853,0.98,2
1751108357.587169,37.5999592,127.0433865,1.27,5
1751108358.1821108,37.5999827,127.0433878,0.99,5
1751108358.5725548,37.6000013,127.0433883,0.9,5
1751108358.956826,37.6000210,127.0433890,1.01,2
1751108359.3692336,37.6000403,127.0433897,0.95,5
1751108359.7814353,37.6000607,127.0433908,0.95,5
1751108360.1817355,37.6000807,127.0433913,1.01,5
1751108360.5763593,37.6001007,127.0433925,0.95,5
1751108361.0669904,37.6001258,127.0433945,0.93,5
1751108361.4924035,37.6001455,127.0433952,0.95,5
1751108361.8719587,37.6001650,127.0433960,1.1,5
1751108362.1972542,37.6001842,127.0433970,1.17,5
1751108362.6620023,37.6002035,127.0433982,1.2,5
1751108363.069376,37.6002232,127.0433988,1.28,5
1751108363.4724367,37.6002425,127.0433998,1.01,5
1751108363.789022,37.6002620,127.0434017,1.26,5
1751108364.3553052,37.6002872,127.0434030,1.23,2
1751108364.7839751,37.6003068,127.0434042,0.95,5
1751108365.1882753,37.6003270,127.0434048,1.11,2
1751108365.6747053,37.6003522,127.0434057,1.28,2
1751108366.070146,37.6003722,127.0434063,0.99,2
1751108366.4842737,37.6003918,127.0434072,0.98,2
1751108366.7951002,37.6004115,127.0434085,0.98,5
1751108367.3706603,37.6004367,127.0434097,1.17,5
1751108367.7710893,37.6004565,127.0434103,1.0,5
1751108368.1893487,37.6004765,127.0434112,1.32,5
1751108368.6752777,37.6005013,127.0434120,1.05,2
1751108369.0748124,37.6005217,127.0434135,1.17,5
1751108369.4852695,37.6005417,127.0434142,1.21,5
1751108369.7925398,37.6005612,127.0434160,1.12,5
1751108370.3693125,37.6005863,127.0434165,1.09,2
1751108370.7679417,37.6006058,127.0434177,1.06,2
1751108371.2004027,37.6006255,127.0434193,0.95,5
1751108371.5690732,37.6006445,127.0434215,1.01,2
1751108371.9869883,37.6006647,127.0434232,1.01,5
1751108372.4703586,37.6006892,127.0434262,1.01,5
1751108372.8736756,37.6007087,127.0434288,1.28,2
1751108373.3634965,37.6007333,127.0434327,1.17,5
1751108373.7770112,37.6007530,127.0434355,1.28,5
1751108374.188531,37.6007732,127.0434382,3.88,5
1751108374.5194955,37.6007925,127.0434407,1.28,5
1751108374.9728243,37.6008112,127.0434425,1.3,2
1751108375.3901699,37.6008313,127.0434453,1.29,2
1751108375.771362,37.6008513,127.0434485,1.01,2
1751108376.125498,37.6008712,127.0434512,0.95,5
1751108376.5793278,37.6008902,127.0434532,1.05,2
1751108376.9640658,37.6009100,127.0434562,1.17,2
1751108377.3750477,37.6009303,127.0434582,1.39,5
1751108377.696733,37.6009500,127.0434602,1.32,2
1751108378.2861621,37.6009753,127.0434638,1.82,2
1751108378.6778371,37.6009953,127.0434665,1.06,2
1751108379.0759761,37.6010153,127.0434697,1.37,2
1751108379.675446,37.6010438,127.0434747,1.07,2
1751108380.076387,37.6010645,127.0434782,1.0,2
1751108380.482643,37.6010843,127.0434818,1.72,5
1751108380.7942684,37.6011043,127.0434863,1.0,2
1751108381.3782644,37.6011288,127.0434920,1.09,5
1751108381.7757883,37.6011482,127.0434968,1.03,2
1751108382.1969151,37.6011668,127.0435018,0.93,2
1751108382.677441,37.6011880,127.0435053,0.9,5
1751108383.0809717,37.6012058,127.0435090,0.95,5
1751108383.6949222,37.6012287,127.0435142,0.95,5
1751108384.2996008,37.6012527,127.0435193,0.95,5
1751108384.8966737,37.6012750,127.0435253,0.99,5
1751108385.4177735,37.6012948,127.0435302,0.99,5
1751108386.0702329,37.6013215,127.0435375,1.21,5
1751108386.4998374,37.6013405,127.0435418,0.95,5
1751108386.981176,37.6013645,127.0435478,0.9,5
1751108387.425986,37.6013888,127.0435543,0.9,5
1751108387.8754728,37.6014077,127.0435615,1.93,5
1751108388.2937298,37.6014287,127.0435665,1.51,5
1751108388.671069,37.6014497,127.0435722,1.21,5
1751108389.0161273,37.6014710,127.0435778,0.98,5
1751108389.4784355,37.6014907,127.0435840,1.58,5
1751108389.875875,37.6015133,127.0435898,1.1,5
1751108390.2760296,37.6015360,127.0435958,1.8,2
1751108390.6043353,37.6015593,127.0436018,1.55,2
1751108391.07047,37.6015792,127.0436080,1.82,2
1751108391.4688385,37.6016028,127.0436112,1.55,2
1751108391.8663373,37.6016255,127.0436155,4.29,2
1751108392.2012684,37.6016483,127.0436212,1.83,2
1751108392.772559,37.6016772,127.0436283,1.06,5
1751108393.1745179,37.6017008,127.0436343,1.01,5
1751108393.5773914,37.6017247,127.0436407,1.21,2
1751108393.8731668,37.6017422,127.0436460,0.95,5
1751108394.2874694,37.6017658,127.0436528,1.98,5
1751108394.678994,37.6017887,127.0436590,1.05,5
1751108395.0742822,37.6018115,127.0436647,0.98,5
1751108395.4917076,37.6018322,127.0436715,1.17,5
1751108395.8810794,37.6018557,127.0436782,0.9,5
1751108396.2899663,37.6018775,127.0436850,2.43,5
1751108396.6770291,37.6018998,127.0436922,0.99,5
1751108397.187655,37.6019268,127.0437023,1.09,5
1751108397.5898955,37.6019490,127.0437098,1.03,5
1751108397.9764664,37.6019707,127.0437182,0.95,5
1751108398.2941623,37.6019920,127.0437267,1.32,5
1751108398.8755996,37.6020190,127.0437375,1.0,5
1751108399.2926817,37.6020407,127.0437467,0.95,5
1751108399.6775048,37.6020620,127.0437555,1.01,5
1751108400.2049131,37.6020885,127.0437670,0.93,5
1751108400.6904054,37.6021157,127.0437780,1.21,5
1751108401.0889368,37.6021362,127.0437870,0.95,5
1751108401.4277148,37.6021573,127.0437955,1.02,5
1751108401.8815508,37.6021778,127.0438055,1.05,5
1751108402.2809448,37.6021988,127.0438142,1.27,5
1751108402.6734226,37.6022198,127.0438227,1.53,5
1751108402.9921932,37.6022412,127.0438310,1.16,5
1751108403.5795405,37.6022680,127.0438410,0.99,2
1751108403.9641182,37.6022895,127.0438490,1.64,2
1751108404.3668687,37.6023105,127.0438572,1.24,2
1751108404.768079,37.6023287,127.0438642,1.65,2
1751108405.1950126,37.6023512,127.0438732,0.98,2
1751108405.580609,37.6023727,127.0438808,1.09,2
1751108405.9754772,37.6023933,127.0438883,1.22,2
1751108406.3758564,37.6024110,127.0438945,1.28,5
1751108406.7665718,37.6024327,127.0439030,1.16,2
1751108407.199643,37.6024533,127.0439115,1.27,5
1751108407.5809586,37.6024737,127.0439202,1.53,5
1751108407.970195,37.6024908,127.0439277,1.16,2
1751108408.4715319,37.6025173,127.0439402,1.37,5
1751108408.879988,37.6025365,127.0439493,1.16,2
1751108409.28325,37.6025545,127.0439600,0.99,5
1751108409.7788768,37.6025772,127.0439747,0.95,5
1751108410.19049,37.6025952,127.0439865,1.0,5
1751108410.5788875,37.6026125,127.0439995,1.0,5
1751108410.9027963,37.6026295,127.0440122,1.0,5
1751108411.4867442,37.6026505,127.0440287,0.9,5
1751108411.8780997,37.6026665,127.0440418,1.14,5
1751108412.2848177,37.6026827,127.0440553,1.21,2
1751108412.597919,37.6026978,127.0440687,0.93,5
1751108413.194094,37.6027175,127.0440868,1.13,2
1751108413.583155,37.6027327,127.0441008,1.54,5
1751108413.9726381,37.6027480,127.0441148,1.22,5
1751108414.5918021,37.6027697,127.0441353,3.21,5
1751108414.97845,37.6027853,127.0441503,1.54,5
1751108415.3820167,37.6028005,127.0441645,1.17,5
1751108415.694828,37.6028150,127.0441780,1.22,5
1751108416.2899277,37.6028348,127.0441963,1.07,5
1751108416.6831834,37.6028497,127.0442095,0.9,5
1751108417.0893986,37.6028652,127.0442240,0.95,5
1751108417.4834096,37.6028805,127.0442380,0.9,5
1751108417.8824675,37.6028955,127.0442540,1.17,5
1751108418.294025,37.6029117,127.0442678,1.07,5
1751108418.7934146,37.6029320,127.0442857,0.9,5
1751108419.1978981,37.6029477,127.0442995,0.9,5
1751108419.605135,37.6029658,127.0443165,0.9,5
1751108420.0863373,37.6029873,127.0443362,0.95,5
1751108420.4987314,37.6030043,127.0443515,0.9,5
1751108420.984452,37.6030260,127.0443715,1.52,5
1751108421.3890796,37.6030428,127.0443868,0.95,5
1751108421.7817793,37.6030602,127.0444023,0.95,5
1751108422.1248558,37.6030773,127.0444180,1.76,5
1751108422.5844626,37.6030938,127.0444335,0.95,5
1751108422.9782429,37.6031108,127.0444492,1.08,5
1751108423.3793483,37.6031273,127.0444643,0.99,5
1751108423.6953218,37.6031437,127.0444793,1.11,5
1751108424.285343,37.6031642,127.0444977,1.32,5
1751108424.6653485,37.6031798,127.0445125,0.99,2
1751108425.081171,37.6031957,127.0445268,1.76,5
1751108425.6711326,37.6032180,127.0445473,0.95,5
1751108426.0848806,37.6032338,127.0445617,1.05,5
1751108426.4830198,37.6032492,127.0445757,1.05,5
1751108426.8031259,37.6032642,127.0445898,1.32,2
1751108427.382096,37.6032828,127.0446070,1.01,5
1751108427.784619,37.6032978,127.0446207,1.0,2
1751108428.1985857,37.6033128,127.0446343,1.06,5
1751108428.6860497,37.6033318,127.0446527,1.03,2
1751108429.0820346,37.6033467,127.0446673,1.17,2
1751108429.5007463,37.6033613,127.0446813,1.01,5
1751108429.8037338,37.6033762,127.0446957,1.16,2
1751108430.3825295,37.6033953,127.0447145,1.09,5
1751108430.7890475,37.6034102,127.0447302,1.1,2
1751108431.1973045,37.6034252,127.0447455,1.15,2
1751108431.497145,37.6034402,127.0447620,1.55,2
1751108432.0763767,37.6034612,127.0447833,1.03,2
1751108432.4792955,37.6034765,127.0448003,1.22,5
1751108432.8715017,37.6034907,127.0448152,1.22,5
1751108433.4872894,37.6035115,127.0448370,1.22,5
1751108433.879554,37.6035262,127.0448530,1.0,5
1751108434.2808237,37.6035398,127.0448685,1.79,2
1751108434.5915532,37.6035542,127.0448837,1.17,5
1751108435.1941402,37.6035722,127.0449028,1.24,2
1751108435.5934443,37.6035860,127.0449178,1.04,5
1751108436.1368518,37.6036060,127.0449403,1.15,2
1751108436.6913538,37.6036232,127.0449592,1.06,5
1751108437.076625,37.6036378,127.0449753,1.06,2
1751108437.4861934,37.6036518,127.0449907,1.07,2
1751108438.0066864,37.6036705,127.0450137,0.95,5
1751108438.503985,37.6036857,127.0450332,1.22,5
1751108438.9971497,37.6037007,127.0450522,2.65,5
1751108439.5061374,37.6037147,127.0450720,1.1,5
1751108439.9920926,37.6037275,127.0450920,1.1,5
1751108440.526061,37.6037397,127.0451127,0.95,2
1751108441.0040517,37.6037508,127.0451333,0.93,5
1751108441.5038533,37.6037605,127.0451543,0.9,5
1751108442.1279733,37.6037700,127.0451793,1.32,5
1751108442.804686,37.6037780,127.0452072,1.21,5
1751108443.3028014,37.6037813,127.0452268,1.21,5
