time,lat,lon,hdop,quality
1751795366.3725722,37.5991125,127.0435763,0.71,4
1751795365.26941,37.599119,127.0435852,0.71,4
1751795364.2722902,37.5991275,127.0435907,0.71,4
1751795362.8681448,37.5991365,127.0435948,0.71,4
1751795362.0772305,37.5991457,127.0435987,0.71,4
1751795361.2692456,37.5991545,127.0436027,0.71,4
1751795360.4650872,37.5991637,127.0436065,0.71,4
1751795359.6685,37.5991728,127.0436107,0.71,4
1751795358.8670132,37.599182,127.0436147,0.75,4
1751795358.0744958,37.599191,127.0436187,0.71,4
1751795357.277348,37.5992,127.0436227,0.71,4
1751795356.4715147,37.5992093,127.0436263,0.73,4
1751795355.671738,37.5992183,127.0436295,0.73,4
1751795354.8713677,37.5992275,127.0436327,0.73,4
1751795353.971413,37.599237,127.043635,0.73,4
1751795353.0773666,37.5992468,127.0436353,0.73,4
1751795352.2687268,37.599256,127.0436347,0.77,4
1751795351.466918,37.5992712,127.0436273,0.73,5
1751795350.5640893,37.5992783,127.0436188,0.77,5
1751795349.7688425,37.5992843,127.0436097,0.74,5
1751795348.8695931,37.5992893,127.0435993,0.74,5
1751795347.6716528,37.5992922,127.0435885,0.77,5
1751795346.7708197,37.5992958,127.0435772,0.77,5
1751795345.9678144,37.599299,127.0435657,0.74,5
1751795345.1708548,37.5993023,127.0435545,0.68,5
1751795344.370232,37.5993062,127.0435442,0.71,5
1751795343.5673118,37.599312,127.0435343,0.71,5
1751795342.763209,37.5993187,127.0435258,0.71,5
1751795341.9637258,37.599327,127.0435188,0.71,5
1751795341.169889,37.5993352,127.0435115,0.71,5
1751795340.464162,37.5993427,127.0435052,0.71,5
1751795339.6635954,37.5993515,127.0434983,0.7,5
1751795338.856109,37.5993602,127.0434923,0.7,5
1751795338.1691113,37.5993687,127.0434882,0.69,5
1751795337.362237,37.5993777,127.0434833,0.69,5
1751795336.5648987,37.599387,127.0434792,0.69,5
1751795335.7650087,37.5993968,127.0434762,0.69,5
1751795334.9645376,37.5994058,127.043472,0.7,5
1751795334.1726992,37.5994152,127.0434688,0.7,5
1751795333.3652585,37.5994248,127.0434657,0.7,5
1751795332.5598323,37.5994345,127.0434628,0.7,5
1751795331.76397,37.5994442,127.0434605,0.7,5
1751795330.9603214,37.5994542,127.0434583,0.7,5
1751795330.1706843,37.5994637,127.0434565,0.7,5
1751795329.364729,37.599474,127.0434558,0.7,5
1751795328.5613256,37.599484,127.0434548,0.66,5
1751795327.7624292,37.5994937,127.043454,0.73,5
1751795326.9647148,37.5995035,127.0434533,0.73,5
1751795326.174016,37.5995138,127.043452,0.73,5
1751795325.3627558,37.5995238,127.0434508,0.73,5
1751795324.5651329,37.5995337,127.0434495,0.73,5
1751795323.7659836,37.5995435,127.0434482,0.73,5
1751795322.963514,37.5995533,127.043447,0.73,5
1751795322.1717129,37.5995632,127.0434458,0.73,5
1751795321.364756,37.5995728,127.043445,0.73,5
1751795320.5638452,37.5995828,127.0434443,0.73,5
1751795319.7665188,37.5995925,127.0434425,0.73,5
1751795318.9661398,37.5996025,127.0434417,0.73,5
1751795318.167804,37.5996122,127.0434405,0.73,5
1751795317.3663778,37.5996218,127.0434395,0.73,5
1751795316.5664897,37.5996317,127.0434378,0.73,5
1751795315.767864,37.599641,127.0434372,0.73,5
1751795314.9656117,37.5996505,127.043437,0.77,5
1751795314.1744506,37.5996603,127.0434363,0.77,5
1751795313.3669455,37.5996702,127.0434352,0.77,5
1751795312.565786,37.5996797,127.0434333,0.73,5
1751795311.7633195,37.5996892,127.0434315,0.73,5
1751795310.9609196,37.5996988,127.0434303,0.73,5
1751795310.1703885,37.5997085,127.0434297,0.73,5
1751795309.3647044,37.5997178,127.0434297,0.73,5
1751795308.5602918,37.5997273,127.043429,0.74,5
1751795307.7628276,37.599737,127.0434283,0.74,5
1751795307.0673993,37.599746,127.0434277,0.72,5
1751795306.266329,37.5997558,127.043427,0.73,5
1751795305.561152,37.5997648,127.0434262,0.73,5
1751795304.7624764,37.599775,127.0434252,0.72,5
1751795303.9583695,37.5997848,127.0434237,0.72,5
1751795303.1605213,37.5997943,127.0434217,0.72,5
1751795302.3631065,37.5998038,127.0434203,0.72,5
1751795301.5634673,37.5998137,127.0434195,0.72,5
1751795300.7638326,37.5998235,127.0434185,0.72,5
1751795299.9639227,37.5998333,127.0434173,0.72,5
1751795299.180016,37.5998432,127.043416,0.72,5
1751795298.3622346,37.5998525,127.043415,0.72,5
1751795297.56522,37.599862,127.0434147,0.72,5
1751795296.7653182,37.599872,127.0434135,0.72,5
1751795295.9646327,37.5998817,127.0434125,0.72,5
1751795295.1748066,37.5998912,127.0434115,0.72,5
1751795294.3667424,37.599901,127.0434102,0.72,5
1751795293.5672128,37.5999105,127.0434088,0.72,5
1751795292.7662337,37.5999205,127.0434077,0.73,5
1751795291.966055,37.5999305,127.0434075,0.73,5
1751795291.169309,37.5999403,127.0434072,0.73,5
1751795290.3696291,37.5999498,127.0434075,0.73,5
1751795289.5654287,37.5999597,127.0434073,0.78,5
1751795288.770756,37.5999695,127.0434078,0.73,5
1751795287.9669957,37.5999793,127.0434082,0.73,5
1751795287.1730237,37.5999893,127.0434088,0.73,5
1751795286.3658383,37.5999985,127.0434093,0.73,5
1751795285.5651531,37.6000082,127.0434098,0.77,5
1751795284.7656307,37.6000183,127.0434108,0.77,5
1751795283.960219,37.6000273,127.0434112,0.77,5
1751795283.1725128,37.6000368,127.0434115,0.77,5
1751795282.366704,37.6000467,127.0434118,0.77,5
1751795281.5647166,37.6000565,127.0434118,0.73,5
1751795280.7659955,37.600066,127.0434125,0.78,5
1751795279.965521,37.6000758,127.0434133,0.78,5
1751795279.1723063,37.6000857,127.0434145,0.73,5
1751795278.367666,37.6000952,127.0434148,0.73,5
1751795277.564858,37.6001052,127.0434157,0.73,5
1751795276.7609391,37.6001148,127.043416,0.73,5
1751795275.9639385,37.6001245,127.0434175,0.73,5
1751795275.1721485,37.6001342,127.0434182,0.73,5
1751795274.3673997,37.600144,127.0434188,0.73,5
1751795273.5680327,37.6001537,127.0434195,0.73,5
1751795272.765028,37.6001635,127.0434197,0.73,5
1751795271.965172,37.6001733,127.0434212,0.73,5
1751795271.1742089,37.6001833,127.0434215,0.73,5
1751795270.3683574,37.6001932,127.0434223,0.73,5
1751795269.56226,37.6002032,127.043423,0.78,5
1751795268.766781,37.600213,127.0434238,0.77,5
1751795267.9637475,37.6002228,127.0434248,0.72,2
1751795267.1628191,37.600233,127.0434257,0.77,5
1751795266.3605573,37.6002422,127.0434257,0.77,5
1751795265.5605395,37.6002513,127.043426,0.77,5
1751795264.7573557,37.6002613,127.043427,0.79,5
1751795263.957759,37.6002707,127.0434278,0.79,5
1751795263.1646535,37.6002803,127.043429,0.79,5
1751795262.3573945,37.6002902,127.0434293,0.85,5
1751795261.5614626,37.6003002,127.0434303,0.85,5
1751795260.758402,37.6003097,127.0434303,0.79,5
1751795259.9577627,37.6003202,127.0434305,0.85,5
1751795259.1653547,37.6003298,127.043431,0.77,5
1751795258.366451,37.6003392,127.0434318,0.85,5
1751795257.5617173,37.6003488,127.0434322,0.77,5
1751795256.7619576,37.6003585,127.0434318,0.77,5
1751795255.9579146,37.6003682,127.0434327,0.8,5
1751795255.2620711,37.6003775,127.0434327,0.77,5
1751795254.4630024,37.6003873,127.043432,0.77,5
1751795253.6628685,37.6003975,127.043432,0.77,2
1751795252.866795,37.6004068,127.0434327,0.72,5
1751795252.070536,37.6004168,127.0434333,0.72,5
1751795251.2645037,37.6004265,127.0434333,0.72,5
1751795250.466853,37.6004363,127.0434343,0.72,5
1751795249.664922,37.6004462,127.0434343,0.77,5
1751795248.8587298,37.6004557,127.0434352,0.72,2
1751795248.0685356,37.6004652,127.0434357,0.72,5
1751795247.2671578,37.6004748,127.043436,0.72,5
1751795246.465382,37.600485,127.0434365,0.72,5
1751795245.6661365,37.6004948,127.0434368,0.72,5
1751795244.8637695,37.6005047,127.0434367,0.72,5
1751795244.1753826,37.6005138,127.0434373,0.72,5
1751795243.462218,37.6005228,127.043438,0.72,5
1751795242.6633887,37.6005327,127.0434393,0.72,5
1751795241.8615298,37.6005427,127.0434407,0.75,5
1751795241.070048,37.6005522,127.043442,0.74,5
1751795240.2661555,37.6005618,127.0434433,0.74,5
1751795239.4650755,37.6005715,127.0434448,0.74,5
1751795238.663468,37.600581,127.0434453,0.78,5
1751795237.961142,37.60059,127.0434467,0.78,5
1751795237.166787,37.6005998,127.0434483,0.78,5
1751795236.361551,37.6006097,127.0434487,0.78,5
1751795235.5603535,37.6006195,127.0434485,0.78,5
1751795234.7615235,37.600629,127.043448,0.74,5
1751795233.9636557,37.6006382,127.0434493,0.74,5
1751795233.1729732,37.6006473,127.0434508,0.74,5
1751795232.3638704,37.6006568,127.0434523,0.74,5
1751795231.565607,37.6006663,127.0434532,0.74,5
1751795230.8610337,37.6006752,127.0434552,0.74,5
1751795230.0688236,37.600685,127.0434573,0.74,5
1751795229.2660687,37.6006942,127.043459,0.74,5
1751795228.4641156,37.600704,127.0434595,0.74,5
1751795227.6605046,37.6007138,127.0434612,0.74,5
1751795226.8598912,37.6007233,127.0434622,0.74,5
1751795226.067148,37.600733,127.0434635,0.74,5
1751795225.2665963,37.6007425,127.0434658,0.74,5
1751795224.4662516,37.6007523,127.0434677,0.74,5
1751795223.763,37.6007612,127.0434698,0.74,5
1751795222.960045,37.6007708,127.0434723,0.74,5
1751795222.169669,37.6007808,127.0434738,0.74,5
1751795221.3633175,37.60079,127.0434745,0.72,5
1751795220.5617793,37.6007995,127.0434758,0.72,5
1751795219.7619164,37.6008097,127.0434763,0.72,5
1751795218.9605668,37.6008197,127.0434777,0.72,2
1751795218.1661725,37.600829,127.0434787,0.72,5
1751795217.358739,37.6008387,127.0434802,0.77,5
1751795216.5629785,37.6008483,127.043481,0.77,5
1751795215.7620895,37.6008583,127.0434822,0.77,5
1751795215.0670173,37.6008673,127.0434817,0.77,2
1751795214.263415,37.6008767,127.0434833,0.77,5
1751795213.4630237,37.6008863,127.0434843,0.77,5
1751795212.6631615,37.600896,127.0434858,0.77,5
1751795211.864056,37.600906,127.0434863,0.72,5
1751795211.067094,37.6009157,127.0434867,0.72,5
1751795210.268327,37.6009257,127.0434872,0.72,5
1751795209.5675433,37.6009348,127.0434878,0.72,5
1751795208.767667,37.600944,127.0434885,0.72,2
1751795207.96473,37.6009532,127.0434897,0.72,5
1751795207.1785328,37.6009632,127.0434907,0.72,5
1751795206.36814,37.600973,127.043492,0.65,5
1751795205.5639672,37.6009825,127.0434938,0.67,5
1751795204.7603018,37.6009922,127.0434953,0.67,5
1751795203.9643664,37.6010017,127.043496,0.67,5
1751795203.1722746,37.6010113,127.0434977,0.67,5
1751795202.362853,37.6010208,127.0435002,0.73,5
1751795201.5632186,37.6010303,127.0435025,0.73,5
1751795200.758304,37.6010395,127.0435058,0.73,2
1751795199.9616373,37.6010492,127.0435078,0.73,5
1751795199.1617112,37.6010587,127.0435095,0.73,5
1751795198.361565,37.6010682,127.0435108,0.73,5
1751795197.559715,37.6010778,127.0435117,0.73,5
1751795196.7616825,37.6010875,127.0435135,0.73,5
1751795195.9615364,37.6010975,127.0435152,0.73,5
1751795195.17258,37.6011065,127.0435177,0.73,5
1751795194.3648832,37.601116,127.0435188,0.72,5
1751795193.5635648,37.6011253,127.0435207,0.72,5
1751795192.665352,37.6011352,127.043523,0.72,5
1751795189.3685155,37.6011442,127.043525,0.7,5
1751795187.466674,37.6011532,127.043527,0.7,5
1751795185.966382,37.6011628,127.043529,0.63,5
1751795184.178409,37.6011722,127.0435307,0.66,5
1751795183.3692667,37.6011822,127.0435322,0.66,5
1751795182.5683982,37.6011917,127.0435342,0.63,5
1751795181.7679071,37.6012005,127.0435368,0.7,5
1751795180.9646127,37.6012098,127.0435392,0.63,2
1751795180.1764712,37.601219,127.0435408,0.63,5
1751795179.3674283,37.6012283,127.0435425,0.7,2
1751795178.566542,37.6012373,127.043545,0.7,2
1751795177.6698954,37.6012472,127.0435473,0.63,5
1751795176.768938,37.6012565,127.04355,0.63,5
1751795175.8689032,37.6012662,127.0435532,0.63,5
1751795174.9682963,37.601276,127.0435565,0.63,5
1751795174.1708767,37.6012852,127.0435588,0.7,5
1751795173.371591,37.6012942,127.0435613,0.7,5
1751795172.5713367,37.6013032,127.0435633,0.7,5
1751795171.6707375,37.6013127,127.0435667,0.7,5
1751795170.4681373,37.601322,127.0435693,0.63,5
1751795169.1764224,37.601331,127.0435703,0.65,5
1751795168.2737794,37.6013402,127.0435673,0.63,5
1751795167.3778374,37.6013495,127.0435677,0.63,5
1751795166.5752225,37.601358,127.0435717,0.63,5
1751795165.7711518,37.6013663,127.0435763,0.63,5
1751795164.9725168,37.6013753,127.0435798,0.7,5
1751795164.1764495,37.6013847,127.0435825,0.7,5
1751795163.368322,37.601394,127.0435845,0.7,5
1751795162.5733962,37.6014035,127.0435872,0.7,5
1751795161.7717502,37.6014128,127.0435895,0.7,5
1751795160.9700823,37.6014218,127.0435918,0.74,5
1751795159.9696014,37.601432,127.0435937,0.74,5
1751795158.8665316,37.601441,127.0435942,0.74,5
1751795157.8733757,37.6014505,127.043596,0.74,5
1751795156.0796816,37.6014597,127.0435983,0.66,5
1751795155.1783874,37.6014688,127.0436015,0.66,5
1751795154.365149,37.601478,127.0436037,0.66,5
1751795153.5678518,37.6014868,127.0436065,0.66,2
1751795152.7657647,37.601496,127.0436095,0.66,2
1751795151.8651626,37.6015062,127.0436133,0.66,2
1751795150.9657474,37.6015162,127.0436163,0.66,2
1751795150.1829488,37.6015258,127.0436187,0.66,5
1751795149.366783,37.6015352,127.0436208,0.66,2
1751795148.4661834,37.6015438,127.0436242,0.66,2
1751795147.66569,37.6015533,127.0436272,0.66,2
1751795146.8640587,37.6015628,127.0436292,0.66,2
1751795146.0729566,37.6015722,127.0436315,0.66,2
1751795145.167664,37.6015818,127.0436347,0.66,5
1751795144.362245,37.6015912,127.0436378,0.66,2
1751795143.561778,37.6016007,127.043641,0.7,5
1751795142.6615176,37.6016107,127.0436427,0.69,2
1751795141.7600975,37.6016205,127.0436458,0.74,2
1751795140.8591216,37.60163,127.0436482,0.72,2
1751795139.959211,37.6016397,127.043651,0.72,2
1751795139.0647278,37.6016493,127.0436547,0.69,2
1751795138.266403,37.601658,127.043658,0.69,5
1751795137.4623368,37.6016668,127.0436615,0.69,2
1751795136.4648256,37.6016757,127.0436653,0.69,5
1751795135.666583,37.6016852,127.043668,0.65,5
1751795134.8648343,37.6016945,127.0436703,0.65,5
1751795133.9646218,37.6017035,127.0436723,0.65,5
1751795132.8617444,37.601713,127.0436748,0.65,5
1751795131.8623545,37.6017222,127.0436768,0.65,5
1751795130.964909,37.6017322,127.0436772,0.66,5
1751795129.7667031,37.6017412,127.0436782,0.66,5
1751795128.868488,37.6017503,127.0436823,0.66,5
1751795128.0751927,37.6017593,127.0436853,0.7,5
1751795127.2676232,37.6017685,127.0436875,0.7,5
1751795126.4679384,37.6017775,127.0436898,0.7,5
1751795125.6734698,37.601787,127.0436915,0.7,5
1751795124.8714948,37.6017965,127.0436932,0.7,5
1751795124.0783882,37.6018058,127.0436953,0.7,5
1751795123.2715957,37.6018152,127.0436978,0.75,5
1751795122.4678571,37.6018242,127.0437008,0.7,5
1751795121.6691709,37.6018333,127.0437025,0.7,5
1751795120.5694094,37.601843,127.043704,0.69,5
1751795119.4664867,37.6018525,127.0437035,0.7,5
1751795118.1742356,37.6018618,127.0437072,0.7,5
1751795116.267732,37.60187,127.043713,0.7,5
1751795114.7621908,37.60188,127.0437155,0.7,2
1751795113.9676902,37.6018895,127.0437177,0.7,5
1751795113.0744596,37.601899,127.0437198,0.7,5
1751795112.1685092,37.6019075,127.043724,0.71,5
1751795110.9708843,37.6019162,127.0437278,0.7,5
1751795109.7677824,37.6019248,127.0437323,0.7,5
1751795108.9688735,37.6019345,127.0437363,0.71,2
1751795108.173957,37.6019442,127.04374,0.7,5
1751795107.3677506,37.6019532,127.0437437,0.7,5
1751795106.570716,37.601962,127.0437477,0.7,5
1751795105.7635782,37.6019713,127.0437515,0.7,2
1751795104.9677,37.6019803,127.0437553,0.7,2
1751795104.176675,37.6019895,127.0437598,0.7,5
1751795103.370227,37.6019985,127.0437638,0.7,5
1751795102.567774,37.6020078,127.0437673,0.62,5
1751795101.7670412,37.6020168,127.0437708,0.64,5
1751795101.073531,37.6020253,127.0437747,0.64,2
1751795100.2661483,37.6020343,127.043778,0.63,2
1751795099.4655051,37.6020435,127.0437817,0.62,5
1751795098.6678462,37.6020527,127.0437863,0.65,2
1751795097.8656027,37.6020618,127.0437907,0.63,2
1751795097.072682,37.6020705,127.0437942,0.64,2
1751795096.1718233,37.6020802,127.043797,0.63,5
1751795095.3688154,37.6020895,127.0437997,0.7,2
1751795094.4686527,37.6020988,127.043803,0.7,5
1751795093.6680596,37.6021085,127.0438072,0.7,5
1751795092.8686967,37.6021177,127.0438113,0.7,5
1751795092.076681,37.6021267,127.043815,0.7,5
1751795091.268331,37.6021362,127.0438182,0.7,5
1751795090.4664116,37.602145,127.0438227,0.68,5
1751795089.6737962,37.6021542,127.0438265,0.63,5
1751795088.8725417,37.602163,127.0438305,0.63,5
1751795088.0761042,37.6021718,127.0438355,0.63,5
1751795087.2725785,37.602181,127.043839,0.64,5
1751795086.471672,37.6021902,127.0438437,0.65,5
1751795085.6698537,37.6021993,127.0438463,0.63,5
1751795084.871354,37.6022085,127.0438508,0.64,5
1751795084.0781598,37.6022178,127.043855,0.68,5
1751795083.2687216,37.6022272,127.0438582,0.68,5
1751795082.4700148,37.6022363,127.0438608,0.64,5
1751795081.672887,37.6022455,127.0438645,0.69,5
1751795080.8775218,37.6022548,127.043868,0.64,5
1751795080.0791185,37.6022637,127.0438713,0.6,5
1751795079.2733512,37.6022727,127.0438763,0.58,5
1751795078.47438,37.6022818,127.0438805,0.58,5
1751795077.6723616,37.6022912,127.0438843,0.58,5
1751795076.8726146,37.6023,127.0438893,0.58,5
1751795076.072609,37.6023087,127.0438928,0.59,5
1751795075.272603,37.602318,127.043897,0.58,5
1751795074.4715874,37.6023275,127.0439007,0.58,5
1751795073.6705005,37.602337,127.0439042,0.58,5
1751795072.873433,37.6023465,127.0439073,0.58,5
1751795072.080937,37.6023555,127.0439122,0.61,5
1751795071.2728884,37.6023645,127.043916,0.64,5
1751795070.4752457,37.6023742,127.0439193,0.64,5
1751795069.6733696,37.602383,127.0439218,0.64,5
1751795068.8687365,37.6023922,127.0439245,0.64,5
1751795068.0766592,37.602401,127.0439287,0.64,5
1751795067.270873,37.60241,127.0439323,0.64,5
1751795066.4704154,37.602419,127.0439363,0.66,5
1751795065.670833,37.6024287,127.0439403,0.64,5
1751795064.8693614,37.6024377,127.043945,0.64,2
1751795064.0735085,37.6024468,127.0439482,0.6,5
1751795063.2715542,37.6024563,127.0439503,0.64,5
1751795062.471737,37.6024653,127.0439535,0.64,5
1751795061.6676383,37.6024742,127.0439568,0.64,5
1751795060.8720872,37.6024833,127.0439607,0.64,5
1751795060.0782778,37.6024922,127.0439653,0.64,5
1751795059.2726042,37.6025015,127.0439693,0.64,5
1751795058.4729872,37.6025112,127.0439727,0.64,5
1751795057.6730227,37.6025203,127.0439762,0.64,5
1751795056.8692443,37.6025295,127.0439805,0.64,5
1751795056.1768785,37.6025377,127.0439855,0.64,5
1751795055.3662007,37.6025462,127.0439903,0.64,2
1751795054.572972,37.6025548,127.0439948,0.64,5
1751795053.7688336,37.6025643,127.0439997,0.64,2
1751795052.9705994,37.602573,127.0440048,0.64,2
1751795052.1805837,37.6025815,127.0440098,0.64,5
1751795051.3755867,37.6025897,127.044015,0.64,5
1751795050.571367,37.6025983,127.0440198,0.64,5
1751795049.7717588,37.602607,127.0440255,0.64,2
1751795048.9695618,37.6026153,127.0440308,0.64,2
1751795048.1753635,37.6026237,127.044036,0.64,5
1751795047.3758082,37.6026317,127.0440422,0.64,5
1751795046.5714636,37.6026392,127.0440492,0.64,5
1751795045.7742078,37.6026472,127.0440552,0.64,5
1751795044.9746091,37.6026552,127.0440617,0.64,5
1751795044.176963,37.602663,127.0440678,0.64,5
1751795043.3713198,37.6026707,127.0440743,0.64,5
1751795042.5737731,37.6026778,127.0440815,0.64,5
1751795041.77211,37.6026853,127.0440887,0.64,5
1751795040.9707053,37.6026928,127.0440958,0.64,5
1751795040.179917,37.6027002,127.044103,0.64,5
1751795039.3746536,37.6027078,127.0441098,0.64,5
1751795038.5737252,37.6027153,127.0441165,0.64,5
1751795037.673237,37.602723,127.0441245,0.64,5
1751795036.5748537,37.6027307,127.0441317,0.64,5
1751795035.5687535,37.6027385,127.044138,0.64,5
1751795034.3755848,37.6027472,127.0441433,0.64,5
1751795032.9762878,37.6027547,127.04415,0.64,5
1751795031.7740192,37.6027618,127.0441573,0.64,5
1751795030.9736986,37.6027692,127.044165,0.64,5
1751795030.079682,37.6027767,127.0441728,0.64,5
1751795029.178757,37.6027838,127.0441803,0.64,5
1751795028.272869,37.6027913,127.044188,0.64,5
1751795027.469251,37.6027985,127.0441953,0.64,5
1751795026.5697222,37.6028062,127.044203,0.64,5
1751795025.775767,37.6028133,127.0442102,0.64,5
1751795024.9738195,37.6028205,127.0442172,0.64,5
1751795024.1820006,37.6028285,127.044224,0.64,5
1751795023.3756816,37.6028365,127.0442302,0.64,5
1751795022.5752497,37.6028445,127.0442363,0.64,5
1751795021.775536,37.6028523,127.0442428,0.64,5
1751795020.976443,37.6028603,127.0442482,0.64,5
1751795020.0780473,37.602869,127.044255,0.64,5
1751795019.183685,37.6028762,127.0442635,0.64,5
1751795018.2785482,37.602883,127.0442723,0.64,5
1751795017.2776806,37.6028902,127.0442815,0.64,5
1751795015.9816031,37.602897,127.0442895,0.64,5
1751795013.6813917,37.6029055,127.0442942,0.64,5
1751795012.8805587,37.602913,127.0443015,0.64,5
1751795012.0851812,37.6029205,127.0443083,0.64,5
1751795011.2780252,37.602928,127.044315,0.64,5
1751795010.480509,37.602936,127.0443217,0.64,5
1751795009.6801374,37.6029435,127.0443288,0.64,5
1751795008.879998,37.6029512,127.0443355,0.64,5
1751795008.0876412,37.6029587,127.0443425,0.64,5
1751795007.2795005,37.6029662,127.044349,0.64,5
1751795006.3840334,37.6029745,127.0443552,0.64,5
1751795005.480239,37.6029828,127.0443607,0.64,5
1751795004.5805836,37.6029892,127.0443703,0.64,5
1751795003.6798065,37.6029955,127.0443802,0.64,5
1751795002.881462,37.603003,127.0443873,0.64,5
1751795002.0885167,37.6030108,127.0443947,0.72,5
1751795001.2822592,37.6030187,127.0444012,0.64,5
1751795000.476039,37.603027,127.0444073,0.64,5
1751794999.6843472,37.6030347,127.0444143,0.64,5
1751794998.8809533,37.6030427,127.0444208,0.64,5
1751794998.0849545,37.6030502,127.044428,0.64,5
1751794997.281856,37.6030578,127.0444355,0.64,5
1751794996.481859,37.6030662,127.0444425,0.64,5
1751794995.6795526,37.603074,127.0444493,0.64,5
1751794994.880434,37.603082,127.0444563,0.64,5
1751794994.082263,37.6030903,127.0444622,0.64,5
1751794993.2755363,37.6030978,127.0444693,0.64,5
1751794992.4772952,37.6031057,127.044476,0.64,5
1751794991.6803248,37.6031135,127.0444832,0.64,5
1751794990.878302,37.6031213,127.0444902,0.64,5
1751794990.087151,37.603129,127.0444975,0.64,5
1751794989.2836225,37.603137,127.0445047,0.64,5
1751794988.4808898,37.6031447,127.0445125,0.64,5
1751794987.6813736,37.6031527,127.0445198,0.64,5
1751794986.877521,37.6031612,127.0445262,0.64,5
1751794986.0809224,37.603169,127.0445327,0.64,5
1751794985.283743,37.6031773,127.0445382,0.68,5
1751794984.4827924,37.6031853,127.0445447,0.64,5
1751794983.6804318,37.6031922,127.0445528,0.64,2
1751794982.8851469,37.6031995,127.0445602,0.64,5
1751794982.086453,37.6032075,127.0445677,0.64,5
1751794981.2861495,37.6032157,127.0445737,0.64,5
1751794980.4851,37.6032233,127.0445808,0.64,2
1751794979.683007,37.6032308,127.0445885,0.64,2
1751794978.8812408,37.6032387,127.0445955,0.64,5
1751794978.0896325,37.6032462,127.0446033,0.64,2
1751794977.292852,37.6032537,127.0446108,0.64,5
1751794976.4836843,37.6032615,127.044618,0.64,5
1751794975.6832986,37.6032687,127.0446253,0.64,2
1751794974.8829143,37.6032767,127.0446327,0.64,5
1751794974.088083,37.6032847,127.0446392,0.64,2
1751794973.2878015,37.6032928,127.0446462,0.64,5
1751794972.483436,37.6033008,127.0446528,0.64,2
1751794971.683531,37.6033087,127.0446597,0.64,5
1751794970.888435,37.6033158,127.0446667,0.64,2
1751794969.9809856,37.603324,127.0446745,0.64,2
1751794969.189672,37.603332,127.044681,0.64,5
1751794968.38401,37.6033395,127.0446892,0.64,2
1751794967.585205,37.6033467,127.0446962,0.64,2
1751794966.686209,37.6033535,127.0447047,0.64,2
1751794965.8857946,37.6033615,127.0447105,0.64,2
1751794965.09027,37.6033692,127.0447177,0.64,2
1751794964.2887442,37.6033768,127.0447242,0.64,5
1751794963.486698,37.6033842,127.044732,0.64,5
1751794962.6819491,37.6033918,127.0447395,0.68,2
1751794961.7816715,37.6033995,127.0447472,0.64,2
1751794960.9838262,37.6034062,127.044755,0.64,2
1751794960.1933608,37.6034133,127.044763,0.64,5
1751794959.3898575,37.6034205,127.0447705,0.64,5
1751794958.5910702,37.6034268,127.0447787,0.64,2
1751794957.7884936,37.6034345,127.0447855,0.64,5
1751794956.9878871,37.6034417,127.0447932,0.64,2
1751794956.1929507,37.603449,127.0448007,0.64,5
1751794955.3877532,37.6034568,127.0448082,0.64,5
1751794954.5829482,37.6034643,127.044815,0.64,5
1751794953.7885942,37.6034713,127.0448232,0.64,5
1751794952.985891,37.6034788,127.0448305,0.64,2
1751794952.093944,37.6034862,127.0448387,0.64,5
1751794951.2878764,37.6034938,127.044846,0.64,5
1751794950.4897463,37.6035018,127.044853,0.65,5
1751794949.6886594,37.603509,127.0448608,0.66,5
1751794948.8857677,37.6035157,127.0448685,0.64,2
1751794948.0921078,37.6035225,127.0448765,0.66,2
1751794947.286898,37.6035295,127.0448847,0.67,5
1751794946.4825206,37.603537,127.0448923,0.65,2
1751794945.6862707,37.603544,127.0449002,0.66,5
1751794944.8846142,37.603551,127.0449077,0.66,2
1751794944.091637,37.603559,127.044915,0.66,5
1751794943.2901227,37.603566,127.0449228,0.66,5
1751794942.4883971,37.6035725,127.044931,0.64,5
1751794941.688642,37.6035802,127.044939,0.64,2
1751794940.8899014,37.6035873,127.0449465,0.64,5
1751794940.0934143,37.6035943,127.0449545,0.64,5
1751794939.2875574,37.603602,127.0449622,0.64,5
1751794938.489859,37.6036088,127.04497,0.64,5
1751794937.6895597,37.6036162,127.0449782,0.64,5
1751794936.8843973,37.6036235,127.044986,0.64,5
1751794936.0902016,37.6036308,127.0449935,0.64,5
1751794935.2956748,37.6036378,127.0450015,0.64,5
1751794934.4878702,37.6036453,127.045009,0.64,5
1751794933.688208,37.603652,127.0450175,0.64,5
1751794932.8863888,37.6036592,127.0450253,0.64,5
1751794932.0867288,37.6036652,127.0450343,0.68,5
1751794931.287069,37.6036723,127.0450427,0.64,5
1751794930.4817567,37.6036787,127.0450507,0.64,5
1751794929.6812935,37.6036848,127.0450595,0.64,5
1751794928.8834198,37.6036908,127.045069,0.64,5
1751794928.089642,37.6036968,127.0450782,0.64,5
1751794927.2879925,37.6037027,127.0450873,0.64,5
1751794926.490379,37.6037078,127.0450975,0.64,5
1751794925.687359,37.6037138,127.045107,0.64,5
1751794924.8823133,37.6037188,127.0451178,0.68,5
1751794924.0923362,37.6037247,127.0451283,0.68,5
1751794923.2879822,37.6037302,127.0451388,0.64,5
1751794922.4858258,37.603735,127.0451493,0.64,5
1751794921.6887867,37.6037402,127.0451603,0.64,5
1751794920.8879793,37.603745,127.0451712,0.64,5
1751794920.089702,37.6037503,127.045182,0.64,5
1751794919.2905552,37.6037547,127.0451932,0.64,5
1751794918.489964,37.6037578,127.0452047,0.64,5
1751794917.688498,37.6037613,127.0452152,0.64,5
1751794916.7861805,37.603764,127.0452272,0.64,5
1751794915.7900195,37.6037637,127.045239,0.64,5
1751794914.7925818,37.6037702,127.0452478,0.64,5
1751794913.9882605,37.60378,127.0452508,0.65,5
1751794913.1864378,37.6037892,127.0452532,0.65,5
1751794912.2927048,37.603799,127.0452557,0.65,5
1751794911.305812,37.6038088,127.0452593,0.64,5
1751794910.2007008,37.6038172,127.0452653,0.64,5
1751794908.9901662,37.6038245,127.0452732,0.64,5
1751794907.8913872,37.6038273,127.045285,0.64,5
1751794905.488786,37.6038318,127.0452953,0.64,5
1751794902.1949697,37.6038408,127.0452952,0.64,5
1751794899.4888396,37.6038498,127.0452935,0.64,5
1751794896.9842994,37.6038592,127.0452942,0.64,5
1751794886.136273,37.6038667,127.0453007,0.56,2
