gps_time,comp_time,lat,lon,alt,quality,hdop
02:02:08.600000,1749693728.8511467,37.5987582,127.0447803,25.700,1,1.35
02:02:11.700000,1749693731.7439435,37.5987632,127.0447708,22.900,2,3.40
02:02:13.600000,1749693733.6453793,37.5987670,127.0447600,22.000,2,3.40
02:02:18.800000,1749693738.8441298,37.5987740,127.0447520,21.000,2,3.39
02:02:22.700000,1749693742.7427666,37.5987790,127.0447418,21.700,2,3.39
02:02:29,1749693749.0475395,37.5987782,127.0447295,19.600,2,3.38
02:02:31.900000,1749693751.9483788,37.5987810,127.0447182,18.100,2,3.37
02:02:40.200000,1749693760.2458591,37.5987858,127.0447082,18.400,2,3.36
02:02:49.400000,1749693769.448651,37.5987768,127.0447088,15.400,2,2.33
02:02:52.500000,1749693772.548058,37.5987717,127.0447183,16.300,2,2.33
02:02:56.900000,1749693776.9432273,37.5987717,127.0447067,19.700,2,2.33
02:03:00.400000,1749693780.448146,37.5987693,127.0446957,23.300,2,2.21
02:03:02.900000,1749693782.9480302,37.5987703,127.0446843,25.600,2,2.21
02:03:06,1749693786.0525885,37.5987758,127.0446752,28.000,2,2.21
02:03:08.200000,1749693788.2503364,37.5987698,127.0446665,29.700,2,2.21
02:03:09.800000,1749693789.84903,37.5987607,127.0446627,30.400,2,2.23
02:03:11.400000,1749693791.4483483,37.5987515,127.0446605,30.800,2,2.23
02:03:12.800000,1749693792.848733,37.5987427,127.0446570,31.100,2,2.23
02:03:14.600000,1749693794.649297,37.5987345,127.0446505,32.200,2,2.21
02:03:15.700000,1749693795.7494256,37.5987257,127.0446535,33.400,2,2.21
02:03:17,1749693797.059362,37.5987163,127.0446505,34.100,2,2.21
02:03:18.700000,1749693798.7514074,37.5987065,127.0446513,34.800,2,2.21
02:03:19.900000,1749693799.950422,37.5986975,127.0446535,35.000,2,2.21
02:03:20.600000,1749693800.6527855,37.5986897,127.0446442,37.200,2,1.24
02:03:21,1749693801.058735,37.5986845,127.0446338,39.100,2,1.24
02:03:21.900000,1749693801.9492013,37.5986765,127.0446280,40.300,2,2.21
02:03:22.900000,1749693802.9517374,37.5986672,127.0446260,41.100,2,2.21
02:03:23.700000,1749693803.751221,37.5986590,127.0446207,42.100,2,1.24
02:03:24.500000,1749693804.5490139,37.5986512,127.0446130,43.800,2,1.24
02:03:25.400000,1749693805.450421,37.5986430,127.0446072,45.400,2,1.24
02:03:26.300000,1749693806.3501277,37.5986343,127.0446018,46.800,2,1.24
02:03:27.400000,1749693807.4524186,37.5986252,127.0445975,48.300,2,1.24
02:03:28.400000,1749693808.4485757,37.5986165,127.0445927,49.200,2,1.24
02:03:29.500000,1749693809.5614562,37.5986073,127.0445902,50.400,2,1.24
02:03:30.700000,1749693810.751295,37.5985980,127.0445893,51.300,2,1.24
02:03:31.700000,1749693811.751511,37.5985888,127.0445855,52.300,2,1.24
02:03:32.900000,1749693812.948601,37.5985792,127.0445827,53.200,2,1.24
02:03:34.100000,1749693814.1514843,37.5985702,127.0445803,54.200,2,1.24
02:03:35.300000,1749693815.351983,37.5985612,127.0445777,54.700,2,1.24
02:03:36.400000,1749693816.4515452,37.5985527,127.0445730,54.800,2,1.24
02:03:37.800000,1749693817.8489273,37.5985428,127.0445745,55.300,2,1.24
02:03:39.100000,1749693819.149033,37.5985335,127.0445745,55.400,2,1.24
02:03:40,1749693820.0547183,37.5985245,127.0445745,55.500,2,1.24
02:03:41.100000,1749693821.1490314,37.5985153,127.0445742,55.500,2,1.24
02:03:42.200000,1749693822.2484677,37.5985062,127.0445758,55.400,2,1.24
02:03:43.400000,1749693823.4519875,37.5984965,127.0445758,55.300,2,1.24
02:03:44.600000,1749693824.6456063,37.5984868,127.0445753,55.200,2,1.24
02:03:45.600000,1749693825.6480415,37.5984778,127.0445728,55.300,2,1.24
02:03:46.700000,1749693826.7479198,37.5984690,127.0445690,55.300,2,1.24
02:03:48.100000,1749693828.1489863,37.5984602,127.0445642,55.100,2,1.24
02:03:49.300000,1749693829.349726,37.5984508,127.0445630,54.700,2,1.24
02:03:50.500000,1749693830.549243,37.5984418,127.0445622,54.400,2,1.24
02:03:51.900000,1749693831.9483528,37.5984322,127.0445642,54.100,2,1.24
02:03:53.200000,1749693833.2488024,37.5984232,127.0445627,53.200,2,1.24
02:03:54.500000,1749693834.5454526,37.5984145,127.0445583,52.300,2,1.24
02:03:56,1749693836.0522301,37.5984050,127.0445538,51.200,2,1.24
02:03:57,1749693837.052238,37.5983952,127.0445523,51.000,2,1.24
02:03:57.900000,1749693837.947433,37.5983860,127.0445497,50.600,2,1.24
02:03:59.300000,1749693839.34725,37.5983770,127.0445458,50.100,2,1.24
02:04:00.700000,1749693840.7474542,37.5983683,127.0445420,49.700,2,1.24
02:04:02.300000,1749693842.347359,37.5983592,127.0445393,49.900,2,1.24
02:04:03.400000,1749693843.4500399,37.5983502,127.0445365,49.500,2,1.24
02:04:04.800000,1749693844.8474536,37.5983415,127.0445335,49.400,2,1.24
02:04:06.200000,1749693846.2455668,37.5983318,127.0445312,49.500,2,1.24
02:04:07,1749693847.0527167,37.5983230,127.0445288,49.400,2,1.24
02:04:07.900000,1749693847.9504294,37.5983137,127.0445290,49.700,2,1.24
02:04:09.100000,1749693849.1514103,37.5983040,127.0445292,50.000,2,1.24
02:04:10.200000,1749693850.2477307,37.5982948,127.0445255,50.000,2,1.24
02:04:11.500000,1749693851.5483582,37.5982863,127.0445212,50.000,2,1.24
02:04:13,1749693853.052768,37.5982770,127.0445210,49.700,2,1.24
02:04:14.100000,1749693854.1483042,37.5982677,127.0445178,49.300,2,1.24
02:04:15.100000,1749693855.1502256,37.5982587,127.0445148,49.100,2,1.24
02:04:16.300000,1749693856.3494394,37.5982503,127.0445107,48.400,2,1.24
02:04:17.500000,1749693857.5475342,37.5982407,127.0445077,48.500,2,1.24
02:04:18.900000,1749693858.9461112,37.5982307,127.0445062,48.600,2,1.24
02:04:19.900000,1749693859.94949,37.5982213,127.0445070,48.900,2,1.24
02:04:21.200000,1749693861.2458546,37.5982122,127.0445060,49.400,2,1.24
02:04:22.400000,1749693862.4436612,37.5982035,127.0445025,49.700,2,1.24
02:04:23.800000,1749693863.8463347,37.5981942,127.0445015,49.700,2,1.25
02:04:25.200000,1749693865.257255,37.5981852,127.0444992,50.000,2,1.25
02:04:26.800000,1749693866.8461947,37.5981762,127.0445008,49.800,2,1.25
02:04:28.300000,1749693868.3470485,37.5981672,127.0444997,49.900,2,1.25
02:04:29.500000,1749693869.5464249,37.5981577,127.0444985,50.100,2,1.25
02:04:30.900000,1749693870.9457872,37.5981483,127.0444982,50.000,2,1.25
02:04:31.600000,1749693871.6476722,37.5981407,127.0444918,51.100,2,1.25
02:04:32.700000,1749693872.7478821,37.5981322,127.0444875,52.200,2,1.25
02:04:33.900000,1749693873.946395,37.5981230,127.0444877,52.400,2,1.25
02:04:35,1749693875.0489695,37.5981147,127.0444817,52.900,2,1.25
02:04:36.200000,1749693876.248452,37.5981058,127.0444800,52.900,2,1.25
02:04:37.300000,1749693877.3471286,37.5980967,127.0444802,53.500,2,1.25
02:04:38.400000,1749693878.447653,37.5980885,127.0444753,54.600,2,1.25
02:04:39.700000,1749693879.7489436,37.5980792,127.0444757,54.500,2,1.25
02:04:40.900000,1749693880.9471672,37.5980698,127.0444735,54.700,2,1.25
02:04:42.100000,1749693882.1482136,37.5980603,127.0444715,54.900,2,1.25
02:04:43.200000,1749693883.2472913,37.5980518,127.0444675,55.000,2,1.25
02:04:44.400000,1749693884.4559786,37.5980425,127.0444635,54.800,2,1.25
02:04:45.400000,1749693885.4530935,37.5980330,127.0444632,55.400,2,1.25
02:04:46.500000,1749693886.547768,37.5980237,127.0444620,55.200,2,1.25
02:04:47.700000,1749693887.7469604,37.5980147,127.0444617,54.500,2,1.25
02:04:48.700000,1749693888.7473912,37.5980057,127.0444607,54.800,2,1.25
02:04:49.800000,1749693889.8471596,37.5979962,127.0444598,54.500,2,1.25
02:04:50.800000,1749693890.8467004,37.5979865,127.0444587,54.300,2,1.25
02:04:51.800000,1749693891.8466363,37.5979775,127.0444558,54.000,2,1.25
02:04:52.700000,1749693892.7479799,37.5979685,127.0444540,53.500,2,1.25
02:04:53.700000,1749693893.7500515,37.5979590,127.0444513,52.800,2,1.25
02:04:54.700000,1749693894.7469165,37.5979493,127.0444483,52.800,2,1.25
02:04:55.800000,1749693895.8470776,37.5979398,127.0444472,52.900,2,1.25
02:04:57,1749693897.0535624,37.5979305,127.0444435,52.700,2,1.25
02:04:57.900000,1749693897.9470315,37.5979207,127.0444420,52.900,2,1.25
02:04:58.800000,1749693898.8482082,37.5979118,127.0444395,52.900,2,1.25
02:05:00.100000,1749693900.1482437,37.5979025,127.0444375,53.300,2,1.25
02:05:01,1749693901.0523071,37.5978932,127.0444353,53.600,2,1.25
02:05:02,1749693902.0497446,37.5978833,127.0444320,53.400,2,1.25
02:05:03.500000,1749693903.5465777,37.5978742,127.0444302,53.800,2,1.25
02:05:04.500000,1749693904.5456972,37.5978657,127.0444248,54.700,2,1.25
02:05:05.500000,1749693905.546662,37.5978562,127.0444228,54.800,2,1.25
02:05:06.500000,1749693906.5427186,37.5978465,127.0444213,54.600,2,1.25
02:05:07.500000,1749693907.5446646,37.5978367,127.0444182,54.400,2,1.25
02:05:08.400000,1749693908.4529657,37.5978292,127.0444115,53.900,2,1.25
02:05:09.300000,1749693909.3452916,37.5978210,127.0444058,54.100,2,1.25
02:05:10.100000,1749693910.1460807,37.5978132,127.0443978,53.600,2,1.25
02:05:10.800000,1749693910.844387,37.5978093,127.0443873,53.300,2,1.25
02:05:11.800000,1749693911.8450115,37.5978032,127.0443785,52.100,2,1.25
02:05:13.200000,1749693913.2450492,37.5977952,127.0443732,51.500,2,1.25
02:05:14.100000,1749693914.145024,37.5977863,127.0443697,50.800,2,1.25
02:05:15.200000,1749693915.2454965,37.5977772,127.0443662,50.600,2,1.25
02:05:16.200000,1749693916.2461696,37.5977680,127.0443662,50.300,2,1.25
02:05:17,1749693917.0560086,37.5977587,127.0443658,50.300,2,1.25
02:05:18.300000,1749693918.3448465,37.5977495,127.0443628,50.400,2,1.25
02:05:19.500000,1749693919.5457954,37.5977403,127.0443605,50.500,2,1.36
02:05:21,1749693921.0492895,37.5977308,127.0443560,49.700,2,1.25
02:05:21.700000,1749693921.7451973,37.5977217,127.0443585,49.600,2,1.25
02:05:22.500000,1749693922.5450773,37.5977120,127.0443580,49.500,2,1.25
02:05:23.800000,1749693923.8443394,37.5977025,127.0443540,49.100,2,1.25
02:05:25,1749693925.0522547,37.5976948,127.0443468,48.400,2,1.36
02:05:27.800000,1749693927.84665,37.5977002,127.0443373,48.700,2,1.36
02:05:29.400000,1749693929.4467564,37.5977083,127.0443317,47.600,2,1.36
02:05:30.800000,1749693930.8422513,37.5977140,127.0443220,46.800,2,1.36
02:05:31.600000,1749693931.6452165,37.5977197,127.0443127,46.900,2,1.36
02:05:32.800000,1749693932.8423343,37.5977272,127.0443055,46.400,2,1.36
02:05:34,1749693934.0490456,37.5977327,127.0442960,46.600,2,1.36
02:05:35.500000,1749693935.545412,37.5977370,127.0442855,47.400,2,1.36
02:05:36.600000,1749693936.6442132,37.5977438,127.0442760,47.300,2,1.25
02:05:37.900000,1749693937.9452255,37.5977477,127.0442657,47.400,2,1.36
02:05:39.200000,1749693939.2446911,37.5977510,127.0442547,47.000,2,1.25
02:05:40.300000,1749693940.344736,37.5977507,127.0442427,47.600,2,1.36
02:05:41.200000,1749693941.2451022,37.5977575,127.0442335,46.800,2,1.25
02:05:42,1749693942.0491965,37.5977622,127.0442222,46.900,2,1.25
02:05:42.800000,1749693942.8437858,37.5977668,127.0442117,46.800,2,1.25
02:05:43.700000,1749693943.744741,37.5977718,127.0442018,46.500,2,1.25
02:05:44.500000,1749693944.5457528,37.5977755,127.0441910,46.700,2,1.25
02:05:45.400000,1749693945.4454954,37.5977790,127.0441797,46.000,2,1.25
02:05:46.200000,1749693946.2446907,37.5977817,127.0441677,45.500,2,1.25
02:05:47.400000,1749693947.4447932,37.5977853,127.0441563,45.100,2,1.25
02:05:48.400000,1749693948.4510117,37.5977882,127.0441443,45.100,2,1.25
02:05:49.300000,1749693949.3454552,37.5977900,127.0441325,44.700,2,1.25
02:05:50.500000,1749693950.545542,37.5977963,127.0441232,44.200,2,1.25
02:05:51.500000,1749693951.5477207,37.5977990,127.0441113,44.200,2,1.25
02:05:52.500000,1749693952.5437257,37.5978003,127.0440987,44.200,2,1.25
02:05:53.200000,1749693953.251103,37.5978012,127.0440870,44.200,2,1.25
02:05:53.900000,1749693953.9435797,37.5978020,127.0440753,44.600,2,1.25
02:05:54.800000,1749693954.843829,37.5978038,127.0440633,45.000,2,1.25
02:05:55.700000,1749693955.7435577,37.5978055,127.0440517,45.100,2,1.25
02:05:56.800000,1749693956.8435414,37.5978070,127.0440403,45.000,2,1.25
02:05:57.900000,1749693957.9436386,37.5978033,127.0440293,44.500,2,1.25
02:05:58.900000,1749693958.9479346,37.5978042,127.0440178,44.500,2,1.25
02:05:59.800000,1749693959.8425448,37.5978107,127.0440077,45.300,2,1.25
02:06:00.700000,1749693960.7441118,37.5978143,127.0439970,45.400,2,1.25
02:06:01.700000,1749693961.743284,37.5978178,127.0439857,45.500,2,1.25
02:06:02.600000,1749693962.644855,37.5978228,127.0439752,45.600,2,1.25
02:06:03.700000,1749693963.7424545,37.5978258,127.0439628,45.800,2,1.25
02:06:04.800000,1749693964.8436108,37.5978328,127.0439530,46.100,2,1.25
02:06:05.700000,1749693965.7434216,37.5978403,127.0439467,46.900,2,1.25
02:06:07.200000,1749693967.2431962,37.5978467,127.0439383,46.400,2,1.25
02:06:09.200000,1749693969.2453833,37.5978553,127.0439337,46.200,2,1.25
02:06:10.200000,1749693970.2476463,37.5978635,127.0439288,46.900,2,1.25
02:06:11.300000,1749693971.3445108,37.5978710,127.0439222,46.600,2,1.39
02:06:12.300000,1749693972.3438382,37.5978768,127.0439135,46.100,2,1.25
02:06:13.400000,1749693973.447621,37.5978843,127.0439068,45.700,2,1.25
02:06:15,1749693975.0464058,37.5978927,127.0439025,45.200,2,1.40
02:06:16,1749693976.0476904,37.5978990,127.0438942,44.700,2,1.40
02:06:17.900000,1749693977.9442074,37.5979065,127.0438877,44.300,2,1.40
02:06:19.100000,1749693979.1433008,37.5979140,127.0438798,44.300,2,1.40
02:06:20.300000,1749693980.3423243,37.5979217,127.0438725,44.000,2,1.40
02:06:21.700000,1749693981.7429047,37.5979310,127.0438725,43.200,2,1.40
02:06:22.600000,1749693982.64251,37.5979368,127.0438633,42.800,2,1.40
02:06:23.300000,1749693983.3443694,37.5979425,127.0438543,43.100,2,1.40
02:06:24.900000,1749693984.9446726,37.5979502,127.0438457,42.900,2,1.40
02:06:25.900000,1749693985.9422336,37.5979560,127.0438360,42.400,2,1.58
02:06:27.500000,1749693987.5455868,37.5979570,127.0438240,41.400,2,1.58
02:06:28.500000,1749693988.5428898,37.5979640,127.0438167,41.100,2,1.58
02:06:30.200000,1749693990.2427297,37.5979710,127.0438095,41.300,2,1.58
02:06:32.200000,1749693992.2451115,37.5979797,127.0438050,42.400,2,1.40
02:06:33.100000,1749693993.145368,37.5979888,127.0437973,42.800,2,1.40
02:06:34.400000,1749693994.444192,37.5979962,127.0437902,42.900,2,1.58
02:06:35,1749693995.0500212,37.5980052,127.0437850,43.000,2,1.58
02:06:36.100000,1749693996.144912,37.5980083,127.0437743,42.700,2,1.58
02:06:37.400000,1749693997.4425378,37.5980137,127.0437640,42.800,2,1.58
02:06:38.500000,1749693998.5456812,37.5980205,127.0437547,42.500,2,1.58
02:06:39.100000,1749693999.1446884,37.5980243,127.0437438,42.200,2,1.58
02:06:39.800000,1749693999.8444805,37.5980285,127.0437333,42.100,2,1.58
02:06:41,1749694001.0459487,37.5980358,127.0437240,42.300,2,1.58
02:06:41.800000,1749694001.8436446,37.5980432,127.0437168,41.300,2,1.58
02:06:43.200000,1749694003.2429094,37.5980527,127.0437128,41.500,2,1.58
02:06:44.300000,1749694004.3435855,37.5980557,127.0437015,40.800,2,1.48
02:06:45.100000,1749694005.1441307,37.5980637,127.0436958,40.400,2,1.48
02:06:46.200000,1749694006.2425847,37.5980698,127.0436872,40.700,2,1.48
02:06:47.800000,1749694007.8434596,37.5980762,127.0436790,41.000,2,1.48
02:06:48.800000,1749694008.8425975,37.5980835,127.0436723,41.200,2,1.48
02:06:50.900000,1749694010.94096,37.5980918,127.0436660,42.900,2,1.72
02:06:52.100000,1749694012.143497,37.5980973,127.0436557,43.400,2,1.72
02:06:53.300000,1749694013.348119,37.5980955,127.0436445,44.500,2,1.48
02:06:55.500000,1749694015.5425835,37.5980863,127.0436405,46.600,2,1.25
02:06:56.900000,1749694016.9428923,37.5980765,127.0436378,46.100,2,1.25
02:06:59.600000,1749694019.6433656,37.5980793,127.0436263,47.200,2,1.48
02:07:01.600000,1749694021.6437192,37.5980842,127.0436160,48.700,2,1.48
02:07:02.700000,1749694022.742816,37.5980753,127.0436107,48.100,2,1.48
02:07:03.900000,1749694023.9425347,37.5980772,127.0435987,47.600,2,1.48
02:07:05.800000,1749694025.8433294,37.5980780,127.0435858,47.000,2,1.48
02:07:07.100000,1749694027.143734,37.5980802,127.0435745,47.000,2,1.72
02:07:07.600000,1749694027.6438067,37.5980873,127.0435652,47.200,2,1.72
02:07:08.600000,1749694028.6430044,37.5980898,127.0435533,46.200,2,1.72
02:07:10,1749694030.0465922,37.5980933,127.0435410,47.600,2,1.48
02:07:11.100000,1749694031.1429818,37.5980865,127.0435335,49.100,2,1.48
02:07:13.600000,1749694033.6424203,37.5980782,127.0435282,51.800,2,1.58
02:07:14.700000,1749694034.7435436,37.5980700,127.0435343,52.600,2,1.58
02:07:17.700000,1749694037.7416728,37.5980757,127.0435230,54.900,2,1.58
02:07:19.200000,1749694039.24066,37.5980822,127.0435318,58.700,2,1.58
02:07:20.400000,1749694040.4412367,37.5980903,127.0435373,61.700,2,2.05
02:07:21.700000,1749694041.7413385,37.5980987,127.0435320,62.600,2,1.58
02:07:23.400000,1749694043.441767,37.5981063,127.0435258,62.000,2,2.06
02:07:24.200000,1749694044.2374341,37.5981115,127.0435162,62.200,2,2.06
02:07:26.900000,1749694046.9374015,37.5981020,127.0435107,65.000,2,2.06
02:07:29,1749694049.0439548,37.5981117,127.0435088,67.200,2,2.06
02:07:29.800000,1749694049.8467436,37.5981207,127.0435030,67.200,2,2.06
02:07:30.800000,1749694050.842608,37.5981248,127.0434925,66.700,2,2.06
02:07:31.400000,1749694051.4401233,37.5981283,127.0434818,67.200,2,1.40
02:07:32.700000,1749694052.7436824,37.5981275,127.0434697,69.400,2,1.40
02:07:33.700000,1749694053.7441804,37.5981325,127.0434598,73.000,2,1.40
02:07:35,1749694055.0431077,37.5981403,127.0434527,74.400,2,1.40
02:07:36.400000,1749694056.4434917,37.5981468,127.0434442,73.100,2,1.58
02:07:37.600000,1749694057.6537502,37.5981472,127.0434315,72.600,2,1.58
02:07:38.700000,1749694058.742322,37.5981483,127.0434198,72.600,2,1.58
02:07:40.200000,1749694060.2444472,37.5981528,127.0434092,71.100,2,1.40
02:07:41.300000,1749694061.3412533,37.5981540,127.0433962,69.800,2,1.25
02:07:42.200000,1749694062.241776,37.5981547,127.0433835,69.200,2,1.36
02:07:43,1749694063.0467765,37.5981553,127.0433713,68.700,2,1.36
02:07:44,1749694064.0431726,37.5981557,127.0433585,67.500,2,1.36
02:07:45,1749694065.045694,37.5981562,127.0433467,66.700,2,2.03
02:07:45.700000,1749694065.7428524,37.5981513,127.0433348,64.800,2,2.03
02:07:46.300000,1749694066.3440027,37.5981482,127.0433238,63.200,2,2.03
02:07:47.500000,1749694067.5450552,37.5981492,127.0433113,62.100,2,2.03
02:07:48.500000,1749694068.5419297,37.5981475,127.0432992,60.800,2,1.25
02:07:49.200000,1749694069.2448635,37.5981403,127.0432897,59.100,2,1.37
02:07:50,1749694070.0446196,37.5981342,127.0432798,57.400,2,1.37
02:07:51,1749694071.0449986,37.5981312,127.0432688,56.800,2,1.37
02:07:52.800000,1749694072.8477504,37.5981260,127.0432592,55.600,2,1.37
02:07:54.200000,1749694074.2482312,37.5981192,127.0432517,52.500,2,1.37
02:07:55.900000,1749694075.940648,37.5981182,127.0432397,51.400,2,1.37
02:07:57,1749694077.046165,37.5981128,127.0432303,49.900,2,1.37
02:07:58.300000,1749694078.3434458,37.5981150,127.0432170,48.400,2,1.37
02:07:59.200000,1749694079.2438946,37.5981190,127.0432043,47.900,2,1.37
02:07:59.700000,1749694079.7446423,37.5981242,127.0431932,47.400,2,1.78
02:08:00.300000,1749694080.3433409,37.5981282,127.0431812,46.700,2,2.58
02:08:00.900000,1749694080.9438298,37.5981315,127.0431678,45.600,2,2.58
02:08:01.300000,1749694081.3432882,37.5981368,127.0431563,44.900,2,2.58
02:08:01.800000,1749694081.848401,37.5981418,127.0431455,44.300,2,2.58
02:08:02.400000,1749694082.4442918,37.5981510,127.0431413,44.200,2,2.58
02:08:03.400000,1749694083.444743,37.5981605,127.0431415,44.100,2,2.58
02:08:04.200000,1749694084.2426553,37.5981707,127.0431397,43.900,2,1.78
02:08:04.800000,1749694084.8432152,37.5981803,127.0431353,43.900,2,1.78
02:08:05.600000,1749694085.6424274,37.5981787,127.0431473,43.700,2,2.58
02:08:06.600000,1749694086.6410122,37.5981798,127.0431593,43.200,2,6.36
02:08:07.600000,1749694087.6417763,37.5981892,127.0431578,42.800,2,6.35
02:08:08.700000,1749694088.73771,37.5981970,127.0431637,41.900,2,6.35
02:08:09.900000,1749694089.9403594,37.5982057,127.0431677,41.500,2,6.35
02:08:10.600000,1749694090.6426163,37.5982138,127.0431625,41.500,2,6.35
02:08:11.700000,1749694091.7392077,37.5982228,127.0431623,41.000,2,6.35
02:08:13.700000,1749694093.7373474,37.5982325,127.0431627,42.300,2,6.34
02:08:14.600000,1749694094.6406353,37.5982415,127.0431600,42.400,2,6.34
02:08:15.800000,1749694095.8421824,37.5982507,127.0431640,42.200,2,6.34
02:08:16.700000,1749694096.7414365,37.5982598,127.0431625,42.200,2,6.33
02:08:17.900000,1749694097.9443533,37.5982692,127.0431635,42.400,2,6.33
02:08:18.700000,1749694098.7437096,37.5982785,127.0431592,42.400,2,6.33
02:08:19.900000,1749694099.9441266,37.5982865,127.0431645,42.600,2,6.33
02:08:20.900000,1749694100.9405653,37.5982902,127.0431753,42.800,2,6.33
02:08:21.300000,1749694101.3453834,37.5982978,127.0431690,42.600,2,10.87
02:08:22.100000,1749694102.143692,37.5983077,127.0431713,43.100,2,10.89
02:08:23.500000,1749694103.5406442,37.5983177,127.0431700,42.300,2,10.91
02:08:23.800000,1749694103.843223,37.5983260,127.0431617,41.800,2,10.92
02:08:24.800000,1749694104.8418605,37.5983352,127.0431647,41.700,2,10.93
02:08:25.100000,1749694105.1426244,37.5983628,127.0431183,39.800,2,1.70
02:08:25.400000,1749694105.4383392,37.5983892,127.0430700,37.700,2,1.70
02:08:25.500000,1749694105.5429456,37.5984142,127.0430215,35.800,2,1.70
02:08:25.600000,1749694105.6431532,37.5984390,127.0429735,34.100,2,1.70
02:08:25.900000,1749694105.9416842,37.5984675,127.0429237,32.100,2,1.70
02:08:26,1749694106.0440621,37.5984930,127.0428770,30.300,2,1.70
02:08:26.100000,1749694106.142756,37.5985168,127.0428342,28.700,2,1.70
02:08:26.200000,1749694106.2439787,37.5985405,127.0427907,27.200,2,1.70
02:08:26.300000,1749694106.3439867,37.5985637,127.0427487,25.600,2,1.70
02:08:26.400000,1749694106.4427705,37.5985865,127.0427067,24.100,2,1.70
02:08:26.500000,1749694106.541968,37.5986087,127.0426653,22.600,2,1.70
02:08:26.600000,1749694106.6400251,37.5986310,127.0426242,21.100,2,1.70
02:08:26.700000,1749694106.741395,37.5986545,127.0425803,19.600,2,1.70
02:08:26.800000,1749694106.8428824,37.5986773,127.0425385,18.200,2,1.70
02:08:26.900000,1749694106.9422317,37.5987010,127.0424952,16.700,2,1.70
02:08:27.900000,1749694107.9375863,37.5987042,127.0425068,16.300,1,3.46
02:08:28.300000,1749694108.3402042,37.5987012,127.0425182,16.700,1,3.46
02:08:28.900000,1749694108.9517345,37.5986982,127.0425300,17.700,1,3.46
02:08:29.900000,1749694109.935388,37.5986972,127.0425432,19.000,1,3.46
02:08:30.500000,1749694110.5380278,37.5986943,127.0425550,19.700,1,3.46
02:08:30.900000,1749694110.937638,37.5986917,127.0425675,20.300,1,3.46
02:08:31.300000,1749694111.3418424,37.5986902,127.0425787,20.800,1,3.46
02:08:31.900000,1749694111.9406512,37.5986878,127.0425943,21.700,1,3.46
02:08:32.500000,1749694112.5410812,37.5986872,127.0426060,22.300,1,3.46
02:08:33,1749694113.0440898,37.5986858,127.0426173,22.900,1,3.46
02:08:33.700000,1749694113.740384,37.5986857,127.0426328,23.900,1,3.46
02:08:34,1749694114.0447736,37.5986817,127.0426430,24.400,1,3.46
02:08:34.300000,1749694114.3405473,37.5986782,127.0426538,24.700,1,3.46
02:08:34.800000,1749694114.8517244,37.5986748,127.0426693,25.100,1,3.46
02:08:35.500000,1749694115.5381727,37.5986722,127.0426823,26.300,1,3.46
02:08:36.300000,1749694116.338254,37.5986752,127.0426933,26.600,2,11.13
02:08:37.200000,1749694117.2406826,37.5986838,127.0426977,26.900,2,11.15
02:08:38.200000,1749694118.2438846,37.5986912,127.0427052,27.500,2,11.17
02:08:39.200000,1749694119.2431943,37.5986913,127.0427193,28.300,2,1.99
02:08:39.400000,1749694119.4433956,37.5986858,127.0427328,29.000,2,1.99
02:08:39.600000,1749694119.6428556,37.5986802,127.0427450,29.500,2,1.99
02:08:39.800000,1749694119.8376782,37.5986757,127.0427555,30.100,2,1.99
02:08:40,1749694120.045,37.5986703,127.0427692,30.400,2,1.99
02:08:40.200000,1749694120.2424808,37.5986653,127.0427805,31.100,2,1.99
02:08:40.400000,1749694120.4458244,37.5986607,127.0427917,31.600,2,1.99
02:08:40.600000,1749694120.6415553,37.5986565,127.0428032,32.200,2,1.99
02:08:40.900000,1749694120.9426284,37.5986525,127.0428163,32.600,2,1.99
02:08:41.100000,1749694121.1427722,37.5986467,127.0428310,33.200,2,1.99
02:08:41.300000,1749694121.3423266,37.5986412,127.0428450,33.700,2,1.99
02:08:41.500000,1749694121.5412743,37.5986365,127.0428587,34.000,2,1.99
02:08:41.700000,1749694121.738176,37.5986320,127.0428725,34.400,2,1.99
02:08:41.900000,1749694121.9410608,37.5986280,127.0428838,34.800,2,1.99
02:08:42.100000,1749694122.1414638,37.5986217,127.0428982,35.400,2,1.99
02:08:42.300000,1749694122.3375957,37.5986155,127.0429143,36.100,2,1.99
02:08:42.500000,1749694122.5375125,37.5986103,127.0429283,36.500,2,1.99
02:08:42.700000,1749694122.7427263,37.5986047,127.0429425,37.100,2,1.99
02:08:42.900000,1749694122.93795,37.5985997,127.0429562,37.400,2,1.99
02:08:43.100000,1749694123.1412613,37.5985937,127.0429702,38.200,2,1.99
02:08:43.300000,1749694123.3390188,37.5985872,127.0429840,38.700,2,1.99
02:08:43.500000,1749694123.5411751,37.5985783,127.0430022,39.600,2,1.87
02:08:43.700000,1749694123.7433858,37.5985705,127.0430197,40.200,2,1.87
02:08:43.900000,1749694123.9412177,37.5985628,127.0430350,40.900,2,1.87
02:08:44.100000,1749694124.137897,37.5985560,127.0430500,41.500,2,1.87
02:08:44.300000,1749694124.3427272,37.5985487,127.0430673,42.200,2,1.87
02:08:44.500000,1749694124.54878,37.5985422,127.0430820,42.700,2,1.87
02:08:44.700000,1749694124.7430284,37.5985350,127.0430990,43.300,2,1.87
02:08:44.900000,1749694124.9379387,37.5985285,127.0431137,43.800,2,1.87
02:08:45.100000,1749694125.1449928,37.5985228,127.0431265,44.200,2,1.87
02:08:45.300000,1749694125.338245,37.5985170,127.0431397,44.700,2,1.87
02:08:45.500000,1749694125.537668,37.5985117,127.0431512,45.300,2,1.87
02:08:45.700000,1749694125.7384107,37.5985067,127.0431630,45.800,2,1.87
02:08:45.900000,1749694125.9373283,37.5985020,127.0431747,46.100,2,1.87
02:08:46.100000,1749694126.135682,37.5984967,127.0431877,46.600,2,1.87
02:08:46.300000,1749694126.3398643,37.5984923,127.0431997,46.900,2,1.87
02:08:46.600000,1749694126.6406686,37.5984863,127.0432143,47.600,2,1.87
02:08:46.900000,1749694126.9416974,37.5984808,127.0432290,48.200,2,1.87
02:08:47.100000,1749694127.1413012,37.5984772,127.0432398,48.300,2,1.87
02:08:47.300000,1749694127.3446603,37.5984723,127.0432533,48.900,2,1.87
02:08:47.600000,1749694127.640937,37.5984687,127.0432652,49.300,2,1.87
02:08:48,1749694128.0434785,37.5984643,127.0432787,49.800,2,1.87
02:08:48.300000,1749694128.3382006,37.5984603,127.0432900,50.300,2,1.87
02:08:48.600000,1749694128.63799,37.5984562,127.0433010,51.000,2,1.87
02:08:48.900000,1749694128.942193,37.5984523,127.0433122,51.600,2,1.87
02:08:49.300000,1749694129.3421087,37.5984487,127.0433253,52.400,2,1.87
02:08:49.800000,1749694129.8412015,37.5984457,127.0433383,53.100,2,1.87
02:08:50.400000,1749694130.4383752,37.5984438,127.0433498,53.800,2,1.87
02:08:51,1749694131.0448847,37.5984407,127.0433612,54.900,2,1.87
02:08:51.800000,1749694131.844719,37.5984397,127.0433737,55.500,2,1.87
02:08:52.700000,1749694132.7457633,37.5984417,127.0433850,55.800,2,1.87
02:08:54.100000,1749694134.1420782,37.5984467,127.0433952,56.500,2,1.87
02:08:55.500000,1749694135.5409386,37.5984528,127.0434037,57.100,2,1.87
02:08:56.600000,1749694136.6410742,37.5984592,127.0434117,57.500,2,1.87
02:08:57.600000,1749694137.6412835,37.5984628,127.0434228,57.800,2,1.87
02:08:58.900000,1749694138.940135,37.5984702,127.0434310,58.800,2,1.87
02:09:00.200000,1749694140.2408745,37.5984797,127.0434343,59.000,2,1.87
02:09:01.700000,1749694141.7390358,37.5984887,127.0434380,59.600,2,1.88
02:09:02.800000,1749694142.8377926,37.5984978,127.0434430,59.700,2,1.88
02:09:03.800000,1749694143.837957,37.5985073,127.0434422,59.900,2,1.88
02:09:04.700000,1749694144.7481165,37.5985163,127.0434445,60.300,2,1.88
02:09:05.700000,1749694145.7375555,37.5985262,127.0434440,60.200,2,1.88
02:09:06.800000,1749694146.8364472,37.5985358,127.0434478,60.300,2,1.88
02:09:08,1749694148.0462425,37.5985447,127.0434513,60.000,2,1.88
02:09:09.200000,1749694149.2411408,37.5985537,127.0434553,60.000,2,1.88
02:09:10.200000,1749694150.243079,37.5985637,127.0434568,60.000,2,1.80
02:09:11,1749694151.0484085,37.5985728,127.0434598,59.800,2,1.80
02:09:11.800000,1749694151.8427577,37.5985832,127.0434613,59.700,2,1.80
02:09:12.600000,1749694152.6421788,37.5985905,127.0434685,59.500,2,1.80
02:09:13.500000,1749694153.545349,37.5985987,127.0434745,59.300,2,1.80
02:09:14.400000,1749694154.4442253,37.5986075,127.0434787,59.000,2,1.80
02:09:15.300000,1749694155.342222,37.5986162,127.0434818,58.800,2,1.80
02:09:16.300000,1749694156.3431995,37.5986247,127.0434862,58.900,2,1.80
02:09:17.400000,1749694157.4536645,37.5986342,127.0434903,58.900,2,1.80
02:09:18.100000,1749694158.1421664,37.5986438,127.0434910,58.400,2,1.80
02:09:18.900000,1749694158.941476,37.5986532,127.0434928,58.100,2,1.80
02:09:20,1749694160.0462253,37.5986622,127.0434968,57.900,2,1.80
02:09:20.900000,1749694160.9430768,37.5986708,127.0435008,57.700,2,1.80
02:09:21.700000,1749694161.7418041,37.5986797,127.0435038,57.200,2,1.80
02:09:22.700000,1749694162.7386103,37.5986890,127.0435060,57.000,2,1.80
02:09:23.700000,1749694163.7382126,37.5986980,127.0435100,56.800,2,1.80
02:09:24.700000,1749694164.7448006,37.5987063,127.0435167,56.500,2,1.80
02:09:25.600000,1749694165.641839,37.5987147,127.0435210,56.600,2,1.81
02:09:26.500000,1749694166.5469527,37.5987237,127.0435218,56.500,2,1.81
02:09:27.300000,1749694167.3510644,37.5987328,127.0435222,56.400,2,1.81
02:09:28.100000,1749694168.1442199,37.5987418,127.0435242,56.200,2,1.81
02:09:29,1749694169.0456219,37.5987515,127.0435267,56.300,2,1.81
02:09:29.900000,1749694169.9434843,37.5987610,127.0435288,56.100,2,1.81
02:09:30.800000,1749694170.8425677,37.5987703,127.0435307,55.900,2,1.81
02:09:31.600000,1749694171.6445327,37.5987793,127.0435320,55.500,2,1.81
02:09:32.500000,1749694172.5440419,37.5987887,127.0435328,55.300,2,1.81
02:09:33.400000,1749694173.4434106,37.5987980,127.0435318,55.700,2,1.81
02:09:34.300000,1749694174.3449888,37.5988078,127.0435328,55.400,2,1.42
02:09:34.900000,1749694174.9437218,37.5988167,127.0435295,55.200,2,1.42
02:09:35.600000,1749694175.6428595,37.5988260,127.0435282,54.700,2,1.42
02:09:36.400000,1749694176.4485452,37.5988357,127.0435263,54.400,2,1.42
02:09:37.200000,1749694177.2426183,37.5988450,127.0435268,54.100,2,1.42
02:09:37.900000,1749694177.945447,37.5988550,127.0435267,53.100,2,1.42
02:09:38.600000,1749694178.6454716,37.5988642,127.0435240,53.200,2,1.42
02:09:39.300000,1749694179.3423789,37.5988737,127.0435255,52.400,2,1.42
02:09:40.200000,1749694180.243011,37.5988835,127.0435260,52.100,2,1.42
02:09:41,1749694181.0438392,37.5988935,127.0435250,51.900,2,1.42
02:09:41.800000,1749694181.8425987,37.5989027,127.0435237,51.600,2,1.42
02:09:42.600000,1749694182.6429064,37.5989122,127.0435252,51.100,2,1.42
02:09:43.500000,1749694183.544011,37.5989212,127.0435273,50.900,2,1.42
02:09:44.400000,1749694184.4433484,37.5989302,127.0435287,50.500,2,1.42
02:09:45.200000,1749694185.24342,37.5989393,127.0435307,50.000,2,1.42
02:09:46.100000,1749694186.1447299,37.5989482,127.0435333,49.400,2,1.42
02:09:47,1749694187.0478024,37.5989578,127.0435338,49.800,2,1.42
02:09:47.800000,1749694187.8451097,37.5989670,127.0435343,49.300,2,1.42
02:09:48.700000,1749694188.742772,37.5989763,127.0435382,48.900,2,1.42
02:09:49.600000,1749694189.643634,37.5989855,127.0435403,48.500,2,1.26
02:09:50.500000,1749694190.5440671,37.5989945,127.0435400,49.000,2,1.26
02:09:51.500000,1749694191.5451584,37.5990037,127.0435438,49.200,2,1.26
02:09:52.400000,1749694192.4435322,37.5990122,127.0435482,48.800,2,1.26
02:09:53.300000,1749694193.3435206,37.5990222,127.0435493,48.700,2,1.26
02:09:54.400000,1749694194.4476726,37.5990315,127.0435493,49.000,2,1.26
02:09:55.800000,1749694195.8428164,37.5990372,127.0435595,49.000,2,1.26
02:10:00.100000,1749694200.1441214,37.5990435,127.0435678,48.400,2,1.26
02:10:03.900000,1749694203.942407,37.5990420,127.0435792,47.300,2,1.26
02:10:06.700000,1749694206.744055,37.5990395,127.0435907,46.000,2,1.26
02:10:09.700000,1749694209.7395997,37.5990438,127.0436007,46.600,2,1.26
02:10:12.500000,1749694212.5362692,37.5990400,127.0436110,47.500,2,1.26
02:10:15.200000,1749694215.237639,37.5990397,127.0436227,46.100,2,1.26
02:10:17,1749694217.0442128,37.5990388,127.0436347,46.100,2,1.26
02:10:19,1749694219.045813,37.5990398,127.0436468,47.200,2,1.26
02:10:20.700000,1749694220.7447693,37.5990382,127.0436583,47.900,2,1.26
02:10:22,1749694222.0450284,37.5990367,127.0436703,47.500,2,1.26
02:10:24.100000,1749694224.1430383,37.5990355,127.0436817,48.500,2,1.26
02:10:26.100000,1749694226.142333,37.5990372,127.0436933,49.800,2,1.26
02:10:27.700000,1749694227.742691,37.5990387,127.0437048,50.500,2,1.26
02:10:29.300000,1749694229.3430939,37.5990378,127.0437162,51.200,2,1.36
02:10:30.700000,1749694230.7423093,37.5990343,127.0437278,50.900,2,1.36
02:10:32.200000,1749694232.2421293,37.5990318,127.0437397,50.700,2,1.36
02:10:33.400000,1749694233.4433413,37.5990292,127.0437520,50.400,2,1.36
02:10:34.500000,1749694234.5434973,37.5990268,127.0437632,50.200,2,1.36
02:10:35.700000,1749694235.7409804,37.5990252,127.0437750,50.700,2,1.36
02:10:36.900000,1749694236.942857,37.5990223,127.0437862,50.700,2,1.36
02:10:38.200000,1749694238.243354,37.5990180,127.0437968,51.000,2,1.36
02:10:39.300000,1749694239.346802,37.5990128,127.0438062,51.000,2,1.36
02:10:40.400000,1749694240.4389448,37.5990132,127.0438182,50.800,2,1.36
02:10:41.600000,1749694241.6412842,37.5990112,127.0438300,50.700,2,1.36
02:10:42.900000,1749694242.9388955,37.5990085,127.0438413,50.800,2,1.36
02:10:44.200000,1749694244.2428675,37.5990077,127.0438528,50.400,2,1.36
02:10:45.600000,1749694245.6415315,37.5990058,127.0438648,50.000,2,1.36
02:10:46.800000,1749694246.8412368,37.5990038,127.0438762,49.500,2,1.36
02:10:48.200000,1749694248.247827,37.5990012,127.0438872,49.700,2,1.36
02:10:49.300000,1749694249.343311,37.5989987,127.0438990,49.300,2,1.36
02:10:50.500000,1749694250.543585,37.5989983,127.0439117,49.200,2,1.36
02:10:51.800000,1749694251.8425856,37.5989957,127.0439232,49.400,2,1.36
02:10:53.100000,1749694253.1418417,37.5989938,127.0439343,49.300,2,1.36
02:10:54.500000,1749694254.5410419,37.5989923,127.0439455,49.300,2,1.36
02:10:55.800000,1749694255.8419638,37.5989893,127.0439570,49.400,2,1.36
02:10:57.300000,1749694257.344116,37.5989873,127.0439690,49.100,2,1.36
02:10:58.900000,1749694258.9422314,37.5989838,127.0439802,49.300,2,1.36
02:11:00.100000,1749694260.1423945,37.5989825,127.0439923,49.200,2,1.36
02:11:01.200000,1749694261.2432399,37.5989818,127.0440042,48.700,2,1.36
02:11:02.400000,1749694262.4429004,37.5989795,127.0440163,48.600,2,1.36
02:11:03.600000,1749694263.645748,37.5989775,127.0440283,48.600,2,1.36
02:11:04.700000,1749694264.7376318,37.5989750,127.0440400,48.300,2,1.36
02:11:05.900000,1749694265.9399028,37.5989732,127.0440515,48.400,2,1.36
02:11:07.100000,1749694267.1419518,37.5989703,127.0440633,48.500,2,1.36
02:11:08.200000,1749694268.2426848,37.5989662,127.0440738,48.700,2,1.36
02:11:09.400000,1749694269.4449825,37.5989645,127.0440855,48.800,2,1.36
02:11:10.500000,1749694270.5433555,37.5989628,127.0440973,48.600,2,1.36
02:11:11.700000,1749694271.7417722,37.5989608,127.0441088,48.700,2,1.36
02:11:12.800000,1749694272.8519003,37.5989585,127.0441203,48.800,2,1.36
02:11:14.100000,1749694274.141892,37.5989567,127.0441315,48.800,2,1.36
02:11:15.400000,1749694275.442435,37.5989525,127.0441428,49.100,2,1.36
02:11:16.700000,1749694276.7429576,37.5989485,127.0441537,49.200,2,1.36
02:11:18,1749694278.0441628,37.5989452,127.0441650,49.400,2,1.26
02:11:19.500000,1749694279.5426712,37.5989437,127.0441767,49.700,2,1.26
02:11:20.700000,1749694280.7391,37.5989415,127.0441878,49.500,2,1.26
02:11:21.800000,1749694281.8390076,37.5989377,127.0441985,49.700,2,1.26
02:11:22.900000,1749694282.9425688,37.5989342,127.0442093,49.900,2,1.26
02:11:23.800000,1749694283.8443837,37.5989303,127.0442197,50.000,2,1.26
02:11:24.700000,1749694284.7424867,37.5989270,127.0442307,50.100,2,1.26
02:11:25.800000,1749694285.8403916,37.5989235,127.0442420,50.400,2,1.26
02:11:26.800000,1749694286.8427713,37.5989193,127.0442525,50.700,2,1.26
02:11:27.900000,1749694287.9426312,37.5989152,127.0442633,51.100,2,1.26
02:11:28.900000,1749694288.941717,37.5989120,127.0442748,51.500,2,1.26
02:11:29.900000,1749694289.9389257,37.5989083,127.0442858,51.800,2,1.26
02:11:31,1749694291.0448635,37.5989048,127.0442973,51.800,2,1.26
02:11:32,1749694292.048043,37.5989013,127.0443090,51.900,2,1.26
02:11:33.300000,1749694293.343938,37.5988990,127.0443207,51.900,2,1.26
02:11:34.300000,1749694294.3443651,37.5988997,127.0443328,52.200,2,1.26
02:11:35,1749694295.0458024,37.5988960,127.0443432,52.300,2,1.26
02:11:36.100000,1749694296.1421123,37.5988918,127.0443535,52.000,2,1.26
02:11:38.400000,1749694298.4384408,37.5988942,127.0443648,51.800,2,1.47
02:11:40.100000,1749694300.1422,37.5988952,127.0443778,51.800,2,1.47
02:11:41.500000,1749694301.5416656,37.5988962,127.0443900,51.900,2,1.47
02:11:43.400000,1749694303.4378278,37.5988910,127.0443997,51.200,2,1.26
02:11:44.900000,1749694304.9415905,37.5988878,127.0444112,50.600,2,1.26
02:11:45.900000,1749694305.9431977,37.5988840,127.0444220,50.000,2,1.26
02:11:46.700000,1749694306.7422137,37.5988800,127.0444325,49.900,2,1.26
02:11:47.700000,1749694307.7437499,37.5988762,127.0444433,49.700,2,1.26
02:11:48.800000,1749694308.8382783,37.5988730,127.0444540,49.400,2,1.26
02:11:49.800000,1749694309.83922,37.5988703,127.0444653,49.200,2,1.26
02:11:50.800000,1749694310.8394296,37.5988677,127.0444763,49.000,2,1.26
02:11:51.900000,1749694311.9392045,37.5988645,127.0444877,48.600,2,1.26
02:11:53.100000,1749694313.1436749,37.5988627,127.0444997,48.300,2,1.26
02:11:54.400000,1749694314.439447,37.5988612,127.0445112,48.000,2,1.26
02:11:55.500000,1749694315.5468657,37.5988578,127.0445220,47.800,2,1.26
02:11:56.400000,1749694316.443211,37.5988538,127.0445333,47.700,2,1.26
02:11:57.400000,1749694317.4424648,37.5988522,127.0445450,47.500,2,1.26
02:11:58.500000,1749694318.5463676,37.5988520,127.0445565,47.500,2,1.26
02:11:59.600000,1749694319.6424482,37.5988495,127.0445680,47.400,2,1.26
02:12:00.500000,1749694320.5358915,37.5988460,127.0445790,47.400,2,1.26
02:12:01.600000,1749694321.6391888,37.5988422,127.0445900,46.700,2,1.26
02:12:02.700000,1749694322.7429,37.5988400,127.0446022,46.500,2,1.26
02:12:03.800000,1749694323.838617,37.5988372,127.0446142,46.100,2,1.26
02:12:04.800000,1749694324.839575,37.5988327,127.0446250,46.100,2,1.26
02:12:05.800000,1749694325.841427,37.5988282,127.0446357,46.500,2,1.26
02:12:07,1749694327.0437155,37.5988225,127.0446448,46.100,2,1.26
02:12:08,1749694328.0440009,37.5988160,127.0446535,46.200,2,1.26
02:12:09.400000,1749694329.4389193,37.5988113,127.0446633,45.900,2,1.26
02:12:12,1749694332.0447893,37.5988040,127.0446740,45.800,2,1.26
02:12:12.600000,1749694332.6386774,37.5987975,127.0446835,45.500,2,1.26
02:12:13.700000,1749694333.7386456,37.5987887,127.0446880,45.700,2,1.26
02:12:14.700000,1749694334.738283,37.5987798,127.0446932,45.000,2,1.26
02:12:17.200000,1749694337.2396986,37.5987745,127.0447030,45.400,2,1.26
02:12:18.600000,1749694338.6394691,37.5987737,127.0447152,45.300,2,1.26
02:12:19.900000,1749694339.9392202,37.5987740,127.0447267,45.700,2,1.26
02:12:21.600000,1749694341.6387103,37.5987752,127.0447380,45.900,2,1.26
02:12:23.400000,1749694343.4395278,37.5987743,127.0447502,47.300,2,1.26
02:12:24.300000,1749694344.3389077,37.5987728,127.0447622,47.800,2,1.26
02:12:25.300000,1749694345.3437135,37.5987715,127.0447742,47.900,2,1.26
02:12:26.100000,1749694346.1390405,37.5987687,127.0447858,49.300,2,1.26
02:12:27.700000,1749694347.739588,37.5987657,127.0447970,49.600,2,1.26
02:12:29.800000,1749694349.8389251,37.5987563,127.0447953,50.700,2,1.26
02:12:44.900000,1749694364.9355931,37.5987485,127.0447883,55.600,2,2.09
02:12:49.400000,1749694369.4360998,37.5987448,127.0447772,60.100,2,2.77
02:12:54.700000,1749694374.7343132,37.5987490,127.0447735,61.700,2,3.06
