gps_time,comp_time,lat,lon,alt,quality,hdop
04:11:33.900000,1749701494.071442,37.5987860,127.0448710,28.000,5,1.89
04:11:53.900000,1749701513.9553008,37.5987875,127.0448528,29.800,2,1.88
04:11:55.500000,1749701515.5555632,37.5987897,127.0448360,29.600,2,1.88
04:11:57.200000,1749701517.2595222,37.5987907,127.0448178,29.000,2,2.00
04:11:58.600000,1749701518.6558118,37.5987928,127.0448008,28.800,2,1.88
04:12:00.100000,1749701520.15492,37.5987938,127.0447828,28.400,2,1.88
04:12:01.500000,1749701521.5554566,37.5987945,127.0447657,28.500,5,1.88
04:12:02.900000,1749701522.9548776,37.5988002,127.0447495,28.600,2,1.88
04:12:04.300000,1749701524.3566806,37.5988103,127.0447382,28.100,2,1.88
04:12:05.600000,1749701525.6601894,37.5988220,127.0447293,28.300,5,1.88
04:12:07,1749701527.0588834,37.5988340,127.0447203,28.700,2,1.88
04:12:08.100000,1749701528.158302,37.5988422,127.0447063,29.100,2,1.88
04:12:09.600000,1749701529.660456,37.5988518,127.0446928,29.500,2,1.88
04:12:10.900000,1749701530.9547746,37.5988577,127.0446767,29.900,2,1.88
04:12:12.500000,1749701532.5552168,37.5988607,127.0446588,30.100,2,1.52
04:12:14.100000,1749701534.1554155,37.5988653,127.0446427,29.900,2,1.52
04:12:15.400000,1749701535.4558766,37.5988698,127.0446263,30.600,2,1.52
04:12:16.700000,1749701536.7574208,37.5988735,127.0446090,30.900,2,1.52
04:12:18.100000,1749701538.155652,37.5988783,127.0445922,31.300,2,1.52
04:12:19.500000,1749701539.5560374,37.5988812,127.0445738,31.700,5,1.52
04:12:21,1749701541.0618243,37.5988850,127.0445562,31.900,5,1.52
04:12:22.400000,1749701542.4570103,37.5988898,127.0445388,32.600,5,1.52
04:12:23.800000,1749701543.8566911,37.5988925,127.0445213,33.100,5,1.52
04:12:25.200000,1749701545.262945,37.5988967,127.0445045,33.200,5,1.52
04:12:26.600000,1749701546.65665,37.5989025,127.0444882,33.300,5,1.52
04:12:28,1749701548.059777,37.5989052,127.0444710,33.500,5,1.52
04:12:29.500000,1749701549.5560231,37.5989078,127.0444533,33.500,5,1.52
04:12:30.800000,1749701550.856619,37.5989115,127.0444368,33.400,5,1.52
04:12:32.100000,1749701552.1571646,37.5989157,127.0444205,33.200,2,1.52
04:12:33.400000,1749701553.4549692,37.5989193,127.0444033,33.100,2,1.52
04:12:34.700000,1749701554.7585604,37.5989228,127.0443865,33.200,2,1.52
04:12:36.100000,1749701556.1559374,37.5989272,127.0443695,33.400,2,1.52
04:12:37.400000,1749701557.4580355,37.5989327,127.0443532,33.300,5,1.52
04:12:38.700000,1749701558.757002,37.5989377,127.0443373,33.500,5,1.52
04:12:40.100000,1749701560.156043,37.5989428,127.0443212,33.500,2,1.52
04:12:41.500000,1749701561.5574524,37.5989448,127.0443042,33.600,5,1.52
04:12:42.900000,1749701562.9555933,37.5989465,127.0442873,33.600,5,1.87
04:12:44.400000,1749701564.4578288,37.5989507,127.0442708,33.800,5,1.52
04:12:45.900000,1749701565.956905,37.5989535,127.0442535,34.300,5,1.52
04:12:47.400000,1749701567.4571648,37.5989583,127.0442367,34.500,5,1.52
04:12:49.100000,1749701569.1585407,37.5989612,127.0442200,34.500,5,1.21
04:12:50.600000,1749701570.6591258,37.5989650,127.0442035,34.900,5,1.21
04:12:52.100000,1749701572.158711,37.5989688,127.0441867,35.300,5,1.21
04:12:53.600000,1749701573.6672325,37.5989730,127.0441698,35.500,5,1.21
04:12:55.200000,1749701575.2671072,37.5989762,127.0441530,35.500,5,1.21
04:12:56.700000,1749701576.757748,37.5989800,127.0441365,35.500,5,1.21
04:12:58.300000,1749701578.3616762,37.5989840,127.0441193,35.700,5,1.21
04:12:59.800000,1749701579.8584824,37.5989897,127.0441030,36.000,5,1.21
04:13:01.300000,1749701581.356851,37.5989940,127.0440863,36.200,5,1.21
04:13:02.600000,1749701582.6627877,37.5989962,127.0440695,36.600,5,1.21
04:13:04,1749701584.0613744,37.5989978,127.0440518,37.100,5,1.14
04:13:05.400000,1749701585.461815,37.5989988,127.0440348,37.500,5,1.14
04:13:06.800000,1749701586.8602972,37.5990002,127.0440178,37.900,5,1.14
04:13:08.200000,1749701588.2609255,37.5990013,127.0439998,38.300,5,1.14
04:13:09.600000,1749701589.67096,37.5990028,127.0439820,38.700,5,1.14
04:13:10.900000,1749701590.9611375,37.5990093,127.0439663,39.200,5,1.14
04:13:12.200000,1749701592.2719932,37.5990147,127.0439505,39.700,5,1.14
04:13:13.500000,1749701593.5620363,37.5990193,127.0439335,40.400,5,1.14
04:13:14.800000,1749701594.8582246,37.5990248,127.0439172,40.900,5,1.14
04:13:16,1749701596.065968,37.5990307,127.0439012,41.200,5,1.14
04:13:17.300000,1749701597.3614857,37.5990345,127.0438843,41.100,5,1.14
04:13:18.600000,1749701598.6602423,37.5990393,127.0438673,40.900,5,1.14
04:13:19.900000,1749701599.959728,37.5990443,127.0438512,40.800,5,1.14
04:13:21.200000,1749701601.263166,37.5990483,127.0438343,40.800,5,1.14
04:13:22.500000,1749701602.5606155,37.5990513,127.0438177,40.600,5,1.14
04:13:23.800000,1749701603.8564723,37.5990560,127.0438017,40.500,5,1.15
04:13:25.100000,1749701605.160779,37.5990607,127.0437857,40.300,5,1.15
04:13:26.500000,1749701606.5584078,37.5990645,127.0437687,40.100,5,1.15
04:13:27.900000,1749701607.9581423,37.5990678,127.0437520,39.900,5,1.15
04:13:29.200000,1749701609.2635796,37.5990717,127.0437353,39.800,5,1.15
04:13:30.600000,1749701610.659572,37.5990752,127.0437182,39.600,5,1.15
04:13:32,1749701612.0657115,37.5990798,127.0437013,39.500,5,1.15
04:13:33.400000,1749701613.459309,37.5990837,127.0436850,39.400,5,1.06
04:13:34.800000,1749701614.8585835,37.5990868,127.0436682,39.400,5,1.06
04:13:36.100000,1749701616.159835,37.5990903,127.0436513,39.300,5,1.06
04:13:37.500000,1749701617.5591922,37.5990953,127.0436352,39.300,5,1.06
04:13:39,1749701619.063022,37.5990995,127.0436187,39.200,2,1.06
04:13:40.200000,1749701620.2626681,37.5991013,127.0436012,39.300,5,1.06
04:13:41.600000,1749701621.680454,37.5991038,127.0435838,39.300,5,1.06
04:13:43.200000,1749701623.2619567,37.5991038,127.0435667,39.200,5,1.06
04:13:44.700000,1749701624.7604208,37.5991030,127.0435493,39.400,5,1.06
04:13:46.100000,1749701626.163774,37.5991008,127.0435317,39.200,5,1.06
04:13:47.600000,1749701627.6722167,37.5990905,127.0435202,39.200,5,1.06
04:13:49.200000,1749701629.26071,37.5990772,127.0435133,39.200,5,1.06
04:13:50.900000,1749701630.9609747,37.5990658,127.0435028,39.300,5,1.06
04:13:52.600000,1749701632.656896,37.5990543,127.0434933,39.300,5,1.06
04:13:54.500000,1749701634.561376,37.5990407,127.0434882,39.200,5,1.06
04:13:56.300000,1749701636.362991,37.5990273,127.0434812,39.100,5,1.06
04:13:57.800000,1749701637.8605897,37.5990133,127.0434768,39.100,5,1.06
04:13:59.300000,1749701639.3615303,37.5990000,127.0434718,39.000,5,1.06
04:14:00.800000,1749701640.8611,37.5989867,127.0434680,39.000,5,1.06
04:14:02.400000,1749701642.460399,37.5989733,127.0434648,38.900,5,1.06
04:14:04,1749701644.0646996,37.5989595,127.0434600,38.800,5,1.06
04:14:05.500000,1749701645.5594687,37.5989458,127.0434552,38.800,5,1.06
04:14:07,1749701647.0620604,37.5989320,127.0434505,38.600,5,1.06
04:14:08.500000,1749701648.559952,37.5989180,127.0434473,38.600,5,1.06
04:14:09.900000,1749701649.9584634,37.5989048,127.0434417,38.600,5,1.06
04:14:11.400000,1749701651.4589982,37.5988913,127.0434353,38.500,5,1.06
04:14:12.900000,1749701652.9587696,37.5988775,127.0434300,38.500,2,1.15
04:14:14.400000,1749701654.4593973,37.5988647,127.0434238,38.400,5,1.38
04:14:15.800000,1749701655.8592434,37.5988510,127.0434180,38.500,5,1.38
04:14:17.100000,1749701657.1602216,37.5988377,127.0434148,38.600,5,1.38
04:14:18.600000,1749701658.6594584,37.5988242,127.0434117,38.600,5,1.38
04:14:20,1749701660.06261,37.5988107,127.0434070,38.600,5,1.62
04:14:21.400000,1749701661.458406,37.5987970,127.0434025,38.400,5,1.62
04:14:22.800000,1749701662.8577094,37.5987833,127.0433980,38.300,5,1.62
04:14:24.200000,1749701664.2595797,37.5987697,127.0433947,38.300,5,1.38
04:14:25.600000,1749701665.6642287,37.5987558,127.0433900,38.300,5,1.38
04:14:27,1749701667.062393,37.5987432,127.0433838,38.200,2,1.62
04:14:28.300000,1749701668.3585844,37.5987303,127.0433778,38.200,5,1.62
04:14:29.600000,1749701669.6661742,37.5987175,127.0433715,38.200,5,1.63
04:14:31,1749701671.0661402,37.5987042,127.0433662,38.000,5,1.63
04:14:32.400000,1749701672.4571135,37.5986905,127.0433617,38.100,2,1.63
04:14:34,1749701674.0582442,37.5986763,127.0433595,38.100,2,1.63
04:14:35.400000,1749701675.4570754,37.5986625,127.0433547,38.000,2,1.63
04:14:36.800000,1749701676.8582513,37.5986490,127.0433505,38.000,2,1.63
04:14:38.200000,1749701678.2582338,37.5986352,127.0433470,38.400,5,1.63
04:14:39.600000,1749701679.6663616,37.5986215,127.0433417,38.500,5,1.63
04:14:40.900000,1749701680.9561534,37.5986082,127.0433373,38.700,5,1.38
04:14:42.300000,1749701682.3566587,37.5985945,127.0433320,38.700,2,1.38
04:14:43.800000,1749701683.856582,37.5985813,127.0433275,38.400,2,1.38
04:14:45.200000,1749701685.2603223,37.5985680,127.0433198,38.200,5,1.38
04:14:46.400000,1749701686.4580927,37.5985552,127.0433118,38.200,2,1.38
04:14:47.500000,1749701687.5555687,37.5985442,127.0433010,37.700,2,1.38
04:14:48.900000,1749701688.9558105,37.5985307,127.0432992,37.300,2,1.38
04:14:51,1749701691.06089,37.5985168,127.0433058,36.600,2,1.38
04:14:52.400000,1749701692.4560564,37.5985025,127.0433020,36.800,2,1.38
04:14:53.400000,1749701693.4560142,37.5984902,127.0432948,36.200,2,1.38
04:14:54.800000,1749701694.856433,37.5984763,127.0432892,36.000,2,1.38
04:14:56.200000,1749701696.2571614,37.5984632,127.0432840,36.000,2,1.63
04:14:57.500000,1749701697.558345,37.5984500,127.0432798,35.800,2,1.63
04:14:59,1749701699.0606675,37.5984363,127.0432755,35.400,2,1.63
04:15:00.500000,1749701700.5564542,37.5984228,127.0432697,35.200,2,1.38
04:15:01.900000,1749701701.9557166,37.5984102,127.0432620,35.600,1,1.24
04:15:03.200000,1749701703.2573545,37.5983978,127.0432550,35.700,1,1.24
04:15:04.700000,1749701704.7544858,37.5983843,127.0432515,35.900,1,1.24
04:15:06.100000,1749701706.1566877,37.5983703,127.0432485,35.900,1,1.24
04:15:07.500000,1749701707.558132,37.5983573,127.0432413,35.900,1,1.25
04:15:08.800000,1749701708.8551657,37.5983450,127.0432340,35.800,1,1.25
04:15:10.300000,1749701710.3551111,37.5983310,127.0432292,35.800,1,1.25
04:15:11.800000,1749701711.8561163,37.5983178,127.0432252,36.100,1,1.25
04:15:13.300000,1749701713.3567495,37.5983038,127.0432228,36.100,1,1.25
04:15:13.900000,1749701713.9588125,37.5982985,127.0432193,36.500,1,1.25
